feed,title,long_url,short_url
Investing,Soaring Eagle Stock Is A SPAC Opportunity With A Track Record,https://investing.com/analysis/-200567516,
