feed,title,long_url,short_url
Benzinga,Implantable Cardiac Monitors Market Expected To Rise By A CAGR Of 4.4% By 2025,https://www.benzinga.com/pressreleases/21/01/g19207081/implantable-cardiac-monitors-market-expected-to-rise-by-a-cagr-of-4-4-by-2025,https://j.mp/3qysIIU
