feed,title,long_url,short_url
Motley,Will Nvidia Hit the $6 Trillion Mark on Thursday?,https://www.fool.com/investing/2026/05/20/will-nvidia-hit-the-6-trillion-mark-on-thursday/?source=iedfolrf0000001,
