feed,title,long_url,short_url
BeInCrypto,CLARITY Act Likely To Fail in September. Will Crypto Prices React?,https://beincrypto.com/clarity-act-september-vote-passage-odds/,
