feed,title,long_url,short_url
FinanceMagnates,"Binance Executive Released from Nigerian Custody, Money Laundering Charges Dropped",https://www.financemagnates.com/cryptocurrency/binance-executive-released-from-nigerian-custody-money-laundering-charges-dropped/,https://da.gd/arlQa
