feed,title,long_url,short_url
Benzinga,The US Probiotics Market Size to Grow at a CAGR 8.0% from 2022 to 2027,https://benzinga.com/pressreleases/23/07/g33390909/the-us-probiotics-market-size-to-grow-at-a-cagr-8-0-from-2022-to-2027,
