feed,title,long_url,short_url
Benzinga,"Endocrine Testing Market Advance to Meet Health Concerns of Population with Hormonal Disorders, Market to Clock CAGR of 6.4% during 2019 - 2027: TMR",https://www.benzinga.com/pressreleases/21/01/n19201090/endocrine-testing-market-advance-to-meet-health-concerns-of-population-with-hormonal-disorders-mar,https://j.mp/39Kp3kn
