feed,title,long_url,short_url
Investopedia,"Trump Talks With Chinese President Xi About Trade, Chinese Media Says By Taylor Tompkins Published Jun 05, 2025",https://investopedia.com/--11748734,
