feed,title,long_url,short_url
SA,[BBWI] Bath & Body Works Q1 Earnings Preview: Caution Is Warranted,https://seekingalpha.com/article/4697093,
