feed,title,long_url,short_url
SA,"[tho] Thor GAAP EPS of $1.68 beats by $0.37, revenue of $2.53B beats by $60M",https://seekingalpha.com/news/4152458,
