feed,title,long_url,short_url
💰Barrons,Talking Turkey: Lamb Is Expensive and It’s Not Just Tariffs,https://barrons.com/articles/lamb-prices-expensive-why-da0ee068?mod=RTA,
