feed,title,long_url,short_url
FinboldCrypto,Crypto markets set odds of Dogecoin hitting a new record high before 2026,https://finbold.com/crypto-markets-set-odds-of-dogecoin-hitting-a-new-record-high-before-2026/,
