feed,title,long_url,short_url
BeInCrypto,"How Crypto Industry Is Rewriting Rules of Custody, Identity, and Defense in an Era of Automated Threats",https://beincrypto.com/crypto-security-ai-custody-identity/,
