feed,title,long_url,short_url
SeekingAlpha,"Eurozone Flash PMI Holds Close To 15-Year High In August, Job Market Booms",https://seekingalpha.com/article/4451260,
SeekingAlpha,"Another, But Discouraging, Look At The Market - Weekly Blog # 695",https://seekingalpha.com/article/4451272,
SeekingAlpha,Does Palantir Use More Stock-Based Compensation Than Other Young Tech Companies?,https://seekingalpha.com/article/4451257,
SeekingAlpha,Green Thumb Industries: The Great American Growth Story Is Underway,https://seekingalpha.com/article/4451255,
SeekingAlpha,Say 'Open Sesame' To Alibaba,https://seekingalpha.com/article/4451254,
