feed,title,long_url,short_url
TheStreet,UAW workers fire back at General Motors over wage claims,https://www.thestreet.com/automotive/uaw-workers-fire-back-at-general-motors-over-wage-claims,https://da.gd/eu4AxB
TheStreet,Dave Ramsey has blunt words about a major debate for car owners,https://www.thestreet.com/money/dave-ramsey-has-blunt-words-about-a-major-debate-for-car-owners,https://da.gd/MTF5V
TheStreet,Covid causes major Las Vegas Strip cancellations,https://www.thestreet.com/travel/covid-causes-major-las-vegas-strip-cancellations,https://da.gd/KcdwR
