feed,title,long_url,short_url
Investopedia,"5 Things to Know Before Markets Open By Terry Lane Published Sep 22, 2023",https://investopedia.com/--7973293,
