feed,title,long_url,short_url
Benzinga,"This CryptoPunk NFT Just Sold For $205,685 in ETH",https://benzinga.com/markets/cryptocurrency/22/03/25972872/this-cryptopunk-nft-just-sold-for-205-685-in-eth,https://bit.ly/3pWrgCz
Benzinga,Cryptocurrency Decentraland Decreases More Than 4% Within 24 hours,https://benzinga.com/markets/cryptocurrency/22/03/25972871/cryptocurrency-decentraland-decreases-more-than-4-within-24-hours,https://bit.ly/3IGafnr
Benzinga,CryptoPunk NFT Sold For 74 ETH,https://benzinga.com/markets/cryptocurrency/22/03/25972868/cryptopunk-nft-sold-for-74-eth,https://bit.ly/3HEyDEs
Benzinga,CryptoPunk NFT Sold For 79 ETH,https://benzinga.com/markets/cryptocurrency/22/03/25972867/cryptopunk-nft-sold-for-79-eth,https://bit.ly/3ts3H5l
Benzinga,Cryptocurrency Stellar Decreases More Than 3% Within 24 hours,https://benzinga.com/markets/cryptocurrency/22/03/25972859/cryptocurrency-stellar-decreases-more-than-3-within-24-hours,https://bit.ly/35GHoAF
Benzinga,Cryptocurrency Lido Staked Ether Falls More Than 3% In 24 hours,https://benzinga.com/markets/cryptocurrency/22/03/25972848/cryptocurrency-lido-staked-ether-falls-more-than-3-in-24-hours,https://bit.ly/3sGk8M0
