feed,title,long_url,short_url
BitcoinMag,Pakistan to Use Surplus Electricity for Bitcoin Mining and AI Data Centers: Report,https://bitcoinmagazine.com/news/pakistan-to-use-surplus-electricity-for-bitcoin-mining-and-ai-data-centers-report,https://da.gd/XVh5P
