feed,title,long_url,short_url
FXEmpire,Will Ethereum Price Rise Again to $3K?,https://www.fxempire.com/forecasts/article/will-ethereum-price-rise-again-to-3k-1451644,https://da.gd/j28e4F
