feed,title,long_url,short_url
TheStreet,7 Easy (and Free) Ways to Give Money to Charity,https://www.thestreet.com/investing/7-easy-and-free-ways-to-give-money-to-charity,https://bit.ly/3PtjKbY
TheStreet,We Tried Samsung’s 55-inch Odyssey Ark Monitor,https://www.thestreet.com/personal-finance/samsung-odyssey-ark-screen-preorders,https://bit.ly/3w4Ckk3
