feed,title,long_url,short_url
SeekingAlpha,Horizon Kinetics - Labrador Iron Ore Royalty Corp.: Paying Out The Entirety Of Its Cash Flow,https://seekingalpha.com/article/4548734,
