feed,title,long_url,short_url
Motley,2 Growth Stocks You Can Buy Right Now for Under $100,https://www.fool.com/investing/2022/10/25/2-growth-stocks-you-can-buy-right-now-for-under-10/?source=iedfolrf0000001,https://bit.ly/3FgW35u
Motley,The CMA Just Ordered Meta to Sell Giphy. How Will This Impact Shareholders?,https://www.fool.com/investing/2022/10/25/the-cma-just-ordered-meta-to-sell-giphy-how-will-t/?source=iedfolrf0000001,https://bit.ly/3TTRTV7
Motley,2 Passive Income Stocks With Jaw-Dropping Yields,https://www.fool.com/investing/2022/10/25/2-passive-income-stocks-with-jaw-dropping-yields/?source=iedfolrf0000001,https://bit.ly/3D4bMlG
