feed,title,long_url,short_url
Benzinga,Sportswear Market Size to Reach USD 267.61 Billion by 2028 | CAGR of 6.6%,https://benzinga.com/pressreleases/23/03/g31165948/sportswear-market-size-to-reach-usd-267-61-billion-by-2028-cagr-of-6-6,
