feed,title,long_url,short_url
CryptoDailyUK,"Swiss City Accepts Bitcoin for Taxes, What City Is Next? Helium and Everlodge Continue Bullish Rise",https://cryptodaily.co.uk/2023/12/swiss-city-accepts-bitcoin-for-taxes-what-city-is-next-helium-and-everlodge-continue-bullish-rise,https://da.gd/smdguu
