feed,title,long_url,short_url
Benzinga,Why Frontline Shares Are Falling Today,https://benzinga.com/news/earnings/23/05/32643767/why-frontline-shares-are-falling-today,https://da.gd/3hcNV
