feed,title,long_url,short_url
Investing,Cryptoverse: Bitcoin ETFs take $50 billion baby steps toward big time,https://www.investing.com/news/stock-market-news/cryptoverse-bitcoin-etfs-take-50-billion-baby-steps-toward-big-time-3597182,https://da.gd/49hu5O
