feed,title,long_url,short_url
Yahoo,China's big monetary policy shift spurred a stock surge. But 'a lot of volatility' still looms.,https://finance.yahoo.com/news/chinas-big-monetary-policy-shift-spurred-a-stock-surge-but-a-lot-of-volatility-still-looms-195542488.html?.tsrc=rss,https://da.gd/JEojOC
