feed,title,long_url,short_url
SeekingAlpha,SMH: Investing In The Semiconductor Ecosystem,https://seekingalpha.com/article/4615213,
