feed,title,long_url,short_url
ZyCrypto,Michael Saylor’s Plan to Sell Additional Equity for Bitcoin Investment Proves Ultra Bullish For BTC,https://zycrypto.com/michael-saylors-plan-to-sell-additional-equity-for-bitcoin-investment-proves-ultra-bullish-for-btc/,https://da.gd/QQcJb
