feed,title,long_url,short_url
Investing,Hedgeye launches ETF focusing on index inclusion candidates,https://www.investing.com/news/stock-market-news/hedgeye-launches-etf-focusing-on-index-inclusion-candidates-4715684,
