feed,title,long_url,short_url
Investing,NY Fed's Williams says it may be appropriate to start tapering asset purchases this year,https://investing.com/news/-2610873,
