feed,title,long_url,short_url
Motley,"Got $1,000? 2 Cryptocurrencies to Buy and Hold for Decades",https://www.fool.com/investing/2025/07/15/got-1000-2-cryptocurrencies-to-buy-and-hold-for-de/?source=iedfolrf0000001,
