feed,title,long_url,short_url
DailyHodl,"Merrill Lynch Ordered To Pay $3,684,163 in Damages and Other Costs Following Unsuitable Private Equity Recommendations: Report",https://dailyhodl.com/2025/07/15/merrill-lynch-ordered-to-pay-3684163-in-damages-and-other-costs-following-unsuitable-private-equity-recommendations-report/,
