feed,title,long_url,short_url
Investing,Disney Stock: Should You Buy the Dip After Magical Profit Beat?,https://www.investing.com/analysis/disney-stock-should-you-buy-the-dip-after-magical-profit-beat-200648226,https://da.gd/FCPy0
Investing,"S&P 500 Approaching 5,200: A New Leg of the Bull Market?",https://www.investing.com/analysis/sp-500-approaching-5200-a-new-leg-of-the-bull-market-200648221,https://da.gd/hRvh
