feed,title,long_url,short_url
gNews,Another Earnings Season Is Here. What to Expect This Time. - Barron's,https://www.barrons.com/articles/stock-market-earnings-season-preview-51633995452,https://j.mp/3mOSrwE
