feed,title,long_url,short_url
InsiderMonkey,Is VGR A Good Stock To Buy Now?,https://insidermonkey.com/blog/--905564,
InsiderMonkey,Is ATKR A Good Stock To Buy Now?,https://insidermonkey.com/blog/--905565,
