feed,title,long_url,short_url
TMF,3 Top Cloud Computing Stocks to Buy Right Now,https://www.fool.com/investing/2020/12/16/3-top-cloud-computing-stocks-to-buy-right-now/?source=iedfolrf0000001,https://j.mp/3nCHDAE
