feed,title,long_url,short_url
gNews,FII net selling of Indian stocks hits 10-month high ahead of Budget Day - Economic Times,https://economictimes.indiatimes.com/markets/stocks/news/fii-net-selling-of-indian-stocks-hit-10-month-high-ahead-of-budget-day/articleshow/80588311.cms,https://j.mp/36uWxm2
