feed,title,long_url,short_url
Benzinga,"Global Biogas Upgrading Market (2020 to 2025) - by Type, Application and Geography",https://www.benzinga.com/pressreleases/21/02/g19436248/global-biogas-upgrading-market-2020-to-2025-by-type-application-and-geography,https://j.mp/36C9Mlc
Benzinga,"$21.2 Billion Predictive Maintenance Market Analysis by Component, Deployment, Organization Size, Application - Global Forecast to 2027 - ResearchAndMarkets.com",https://www.benzinga.com/pressreleases/21/02/b19436246/21-2-billion-predictive-maintenance-market-analysis-by-component-deployment-organization-size-appl,https://j.mp/39JFHCh
Benzinga,Biomarkers Market 2021 Size & Share | Market Worth USD 97.51 Billion with 12.1% CAGR by 2026,https://www.benzinga.com/pressreleases/21/02/g19436244/biomarkers-market-2021-size-share-market-worth-usd-97-51-billion-with-12-1-cagr-by-2026,https://j.mp/36usgUD
Benzinga,U.S. Pharmaceutical Analytical Testing Outsourcing Market 2020-2027: Bioanalytical Testing Service Segment Anticipated to Witness Fastest Growth - ResearchAndMarkets.com,https://www.benzinga.com/pressreleases/21/02/b19436243/u-s-pharmaceutical-analytical-testing-outsourcing-market-2020-2027-bioanalytical-testing-service-s,https://j.mp/3pH7GrI
Benzinga,Planon appoints Peter Ankerstjerne as Chief Strategy Officer,https://www.benzinga.com/pressreleases/21/02/n19436225/planon-appoints-peter-ankerstjerne-as-chief-strategy-officer,https://j.mp/39JFI9j
Benzinga,Planon appoints Peter Ankerstjerne as Chief Strategy Officer,https://www.benzinga.com/pressreleases/21/02/n19436223/planon-appoints-peter-ankerstjerne-as-chief-strategy-officer,https://j.mp/3pH7BEq
Benzinga,500.com Limited Entered into Two Agreements to Acquire Bitcoin Mining Machines,https://www.benzinga.com/pressreleases/21/02/n19436220/500-com-limited-entered-into-two-agreements-to-acquire-bitcoin-mining-machines,https://j.mp/3oJLc82
Benzinga,Rampiva Announces Launch of 5.0 Software Release,https://www.benzinga.com/pressreleases/21/02/n19436217/rampiva-announces-launch-of-5-0-software-release,https://j.mp/3pMy0kk
Benzinga,New Price Compare Site Tripindicator.com Helps Find the Best Value Family Days Out in 2021,https://www.benzinga.com/pressreleases/21/02/n19436216/new-price-compare-site-tripindicator-com-helps-find-the-best-value-family-days-out-in-2021,https://j.mp/2LgNzSg
Benzinga,Pew Applauds Costa Rica's Bold New Plan to Protect Coastal Wetlands,https://www.benzinga.com/pressreleases/21/02/n19436215/pew-applauds-costa-ricas-bold-new-plan-to-protect-coastal-wetlands,https://j.mp/3ap4J8F
Benzinga,Dr. John C. Spinosa Joins Murrieta Genomics as Chief Medical Officer,https://www.benzinga.com/pressreleases/21/02/n19436214/dr-john-c-spinosa-joins-murrieta-genomics-as-chief-medical-officer,https://j.mp/3aFyi6f
Benzinga,Partnership Between Sigora Solar and Isle of Wight County Schools brings Solar to the County,https://www.benzinga.com/pressreleases/21/02/n19436213/partnership-between-sigora-solar-and-isle-of-wight-county-schools-brings-solar-to-the-county,https://j.mp/2L9yP7t
Benzinga,3 Ply Surgical Mask Test Results And President Biden Signs Executive Order Strengthening The Buy American Provisions,https://www.benzinga.com/pressreleases/21/02/n19436212/3-ply-surgical-mask-test-results-and-president-biden-signs-executive-order-strengthening-the-buy-a,https://j.mp/3oFl2mX
