feed,title,long_url,short_url
Investing,Moving Average Crossovers Suggest the Bull Is Back,https://www.investing.com/analysis/moving-average-crossovers-suggest-the-bull-is-back-200648407,https://da.gd/C56VX
