feed,title,long_url,short_url
SeekingAlpha,US early-stage homebuying demand starts to improve as mortgage rates decline,https://seekingalpha.com/news/3917847,
SeekingAlpha,"Steel Dynamics provides Q4 forecast, updates on share buyback",https://seekingalpha.com/news/3917846,
SeekingAlpha,Apollo Medical to repurchase up to $50M shares,https://seekingalpha.com/news/3917845,
