feed,title,long_url,short_url
SeekingAlpha,Will COVID Disappear Soon Or Do Investors Need To Pay Attention?,https://seekingalpha.com/article/4384185,
SeekingAlpha,Dropbox Is A Value Trap,https://seekingalpha.com/article/4384184,
SeekingAlpha,UBS Earnings Confirm My Investment Thesis,https://seekingalpha.com/article/4384166,
