feed,title,long_url,short_url
Benzinga,Jennifer Glessner Promoted to Senior Vice President,https://benzinga.com/pressreleases/21/02/n19804194/jennifer-glessner-promoted-to-senior-vice-president,
Benzinga,ScottsMiracle-Gro to Present Virtually at the 42nd Annual Raymond James Institutional Conference,https://benzinga.com/pressreleases/21/02/g19804148/scottsmiracle-gro-to-present-virtually-at-the-42nd-annual-raymond-james-institutional-conference,
Benzinga,Pointivo Lands Eighth Patent Increasing Coverage of the Drone Analytics Market,https://benzinga.com/pressreleases/21/02/n19804147/pointivo-lands-eighth-patent-increasing-coverage-of-the-drone-analytics-market,
Benzinga,"Remark Holdings Adjourns Special Shareholder Meeting Until April 6, 2021",https://benzinga.com/pressreleases/21/02/n19804139/remark-holdings-adjourns-special-shareholder-meeting-until-april-6-2021,
Benzinga,Free Bilingual Texting Service Helps Parents Worried About Their Child's Speech and Language Development,https://benzinga.com/pressreleases/21/02/n19804138/free-bilingual-texting-service-helps-parents-worried-about-their-childs-speech-and-language-develo,
Benzinga,TriNet Announces Pricing of a Private Offering of $500 Million of Senior Notes due 2029,https://benzinga.com/pressreleases/21/02/n19804122/trinet-announces-pricing-of-a-private-offering-of-500-million-of-senior-notes-due-2029,
Benzinga,GreenBroz Announces Strategic Partnership With Brother Gearmotor,https://benzinga.com/pressreleases/21/02/n19804038/greenbroz-announces-strategic-partnership-with-brother-gearmotor,
Benzinga,GreenBroz Announces Strategic Partnership With Brother Gearmotor,https://benzinga.com/pressreleases/21/02/n19804035/greenbroz-announces-strategic-partnership-with-brother-gearmotor,
