feed,title,long_url,short_url
Reuters,Fed officials suggest U.S. recovery may be stalling,https://reuters.com/article/idUSL1N2EF1PF,
