feed,title,long_url,short_url
SA,[tmhc] Taylor Morrison Home Corporation Q1 2025 Earnings Preview,https://seekingalpha.com/news/4433550,
SA,"[mmm] 3M focuses on 215 new product launches in 2025, maintaining $7.60-$7.90 EPS guidance amid tariff challenges",https://seekingalpha.com/news/4433549,
SA,"[ivz] Invesco Q1 earnings top consensus, operating leverage improves",https://seekingalpha.com/news/4433471,
SA,[nsc] Norfolk Southern Q1 2025 Earnings Preview,https://seekingalpha.com/news/4433547,
SA,[edu] New Oriental Education & Technology Q3 2025 Earnings Preview,https://seekingalpha.com/news/4433546,
