feed,title,long_url,short_url
SeekingAlpha,Intensity Therapeutics files to sell common stock by selling stockholders,https://seekingalpha.com/news/4122352,
SeekingAlpha,"Core Scientific down after update on June production, operation",https://seekingalpha.com/news/4122351,
