feed,title,long_url,short_url
Motley,Plug Power Shares Sell Off on Stock Offering. Should You Buy on the Dip?,https://www.fool.com/investing/2024/07/21/plug-power-shares-sell-off-stock-offering-buy-dip/?source=iedfolrf0000001,https://da.gd/6drVH
