feed,title,long_url,short_url
Benzinga,"[Latest] Global Water Quality Sensor Market Size/Share Worth USD 10.8 Billion by 2032 at a 8.5% CAGR: Custom Market Insights (Analysis, Outlook, Leaders, Report, Trends, Forecast, Segmentation, Growth, Growth Rate, Value)",https://benzinga.com/pressreleases/24/01/g36542189/latest-global-water-quality-sensor-market-sizeshare-worth-usd-10-8-billion-by-2032-at-a-8-5-cagr-c,
