feed,title,long_url,short_url
SeekingAlpha,Lowe's - It's Actually 'BUY'Able Here,https://seekingalpha.com/article/4446040,
