feed,title,long_url,short_url
Barron's,Silver Prices Are Set to Rally Again,https://www.barrons.com/articles/silver-prices-are-set-to-rally-again-heres-when-you-should-buy-51628150400?mod=RTA,https://j.mp/2VxpaMM
Barron's,"Jobless Claims Set to Fall Below 400,000",https://www.barrons.com/articles/jobless-claims-unemployment-economy-51628121592?mod=RTA,https://j.mp/3lzqI46
