feed,title,long_url,short_url
SeekingAlpha,BrainStorm gains as FDA OKs Phase 3 trial design for ALS therapy,https://seekingalpha.com/news/4088132,
SeekingAlpha,"Air Lease reports Q1 sales, aircraft investments",https://seekingalpha.com/news/4088131,
SeekingAlpha,Yellen calls on China to shift policy as U.S. won't accept flood of cheap imports again,https://seekingalpha.com/news/4088123,
SeekingAlpha,Wall Street Breakfast Podcast: Samsung Reportedly Secures $6B Grant For U.S. Chip Expansion,https://seekingalpha.com/article/4682855,
