feed,title,long_url,short_url
SeekingAlpha,Equity Residential: Trading Very Cheap On Sam Zell's Favorite Valuation Metric,https://seekingalpha.com/article/4567386,
