feed,title,long_url,short_url
BeInCrypto,Topone: Leading a New Trend in Digital Currency Trading,https://beincrypto.com/topone-leading-a-new-trend-in-digital-currency-trading/,https://da.gd/1mfHF
