feed,title,long_url,short_url
Investopedia,"Blackstone Reportedly Mulling Sale of $7B Visa Outsourcing Firm VFS By Nisha Gopalan Published Sep 13, 2024",https://investopedia.com/--8712008,
Investopedia,"Uber Is Expanding Waymo Driverless Rides to Austin and Atlanta By Bill McColl Published Sep 13, 2024",https://investopedia.com/--8712091,
Investopedia,"Chinese E-Commerce Firms Targeted by New White House Import Rules By Bill McColl Published Sep 13, 2024",https://investopedia.com/--8712009,
