feed,title,long_url,short_url
gNews,Brokers Suggest Investing in Bit Digital (BTBT): Read This Before Placing a Bet - Yahoo Finance,https://news.google.com/rss/articles/CBMiiwFBVV95cUxOWHZTOXF4WG5lR2gyakFITnFaYTZQcnlobnlCSDVYRnh2SVpRUThaVjk2Z09pVU5ObEdEaHgtdlowSGRNdlRseGMxUVBkV1dFTFJzWFlrb0ktMjR2Y1lWRFVHb3RDRE1FNll6WEQ4NkFfQW9RRW5SYy1HQjdZV2xCWW9SZ05tVjJPdnB3?oc=5,
