feed,title,long_url,short_url
SA,"[aent] Alliance Entertainment Holding GAAP EPS of -$0.16, revenue of $227.73M",https://seekingalpha.com/news/3974019,
