feed,title,long_url,short_url
DailyCoin,PEPE Coin Surges 51% As Token Burn Announcement Sparks Mania,https://dailycoin.com/pepe-surges-51-token-burn-announcement-sparks-mania/,https://da.gd/EoihE
