feed,title,long_url,short_url
gNews,Stock markets inch higher on rate hopes | National | dailygazette.com - The Daily Gazette,https://news.google.com/rss/articles/CBMi0AFBVV95cUxOZFhTd3NldEc1cG5jbC1zRDRza0JRNVpSQlgwTWlNeXc5aWtMOGJoX1Npck9yWGxmUnJQV1p1NzEtSEdGTXJIc0I0UXpRbGFWWFY0SXByU1o3b19iOU9CTEp4YzJzZXRHMk03bUhSTUJkeklwMlFqVS1SSW9WVzlPOVVraXBlOWZhNWtxQ1R0OWVNU1ZvMlk4RWxMb3JrQmNMWVRPQmxGOGVFS2dOVlY3ckRpczZZbzBCWWhyYXdkUGJkVGVxSDFDTzhKQWppX3B4?oc=5,https://da.gd/P1alPo
