feed,title,long_url,short_url
Benzinga,Abbott Gears Up For Q2 Print; Here Are The Recent Forecast Changes From Wall Street's Most Accurate Analysts,https://benzinga.com/news/earnings/24/07/39831467/abbott-gears-up-for-q2-print-here-are-the-recent-forecast-changes-from-wall-streets-most-accurate-a,https://da.gd/eEZ4m
Benzinga,"D.R. Horton, Netflix And 3 Stocks To Watch Heading Into Thursday",https://benzinga.com/news/earnings/24/07/39831466/d-r-horton-netflix-and-3-stocks-to-watch-heading-into-thursday,https://da.gd/pWTUXk
