feed,title,long_url,short_url
CryptoNewsFlash,"Turn $50 into $500,000: 5 Altcoins with Astronomical Growth Potential",https://crypto-news-flash.com/turn-50-into-500000-5-altcoins-with-astronomical-growth-potential/,
