feed,title,long_url,short_url
Investing,London upgrade boosts Ethereum blockchain’s capacity by 9%,https://investing.com/news/-2591292,
