feed,title,long_url,short_url
💰Barrons,It’s a Big Week for Jobs Data. What It Could Mean for the Fed and Rates.,https://barrons.com/articles/adp-jolts-jobs-data-economy-fed-rates-c0f480a1?mod=RTA,
