feed,title,long_url,short_url
r/stockmarket:25+,[Help Needed] Ouch,https://redd.it/m234em,
