feed,title,long_url,short_url
InsiderMonkey,Cooper Investor’s Q4 2020 Investor Letter,https://insidermonkey.com/blog/--916770,
InsiderMonkey,Canterbury Tollgate’s Q4 2020 Investor Letter,https://insidermonkey.com/blog/--916767,
InsiderMonkey,Alphyn Capital Management’s Q4 2020 Investor Letter,https://insidermonkey.com/blog/--916721,
