feed,title,long_url,short_url
InvestorPlace,DDEJF Stock Earnings: Dundee Reported Results for Q2 2024,https://investorplace.com/earning-results/2024/08/ddejf-stock-earnings-dundee-for-q2-of-2024/,https://da.gd/x3zsy
InvestorPlace,"EAT Stock Earnings: Brinker International Beats EPS, Beats Revenue for Q4 2024",https://investorplace.com/earning-results/2024/08/eat-stock-earnings-brinker-international-for-q4-of-2024/,https://da.gd/vxKNs
InvestorPlace,ZPTA Stock Earnings: Zapata Computing Holdings Reported Results for Q2 2024,https://investorplace.com/earning-results/2024/08/zpta-stock-earnings-zapata-computing-holdings-for-q2-of-2024/,https://da.gd/qw5dac
InvestorPlace,"SDHC Stock Earnings: Smith Douglas Homes Beats EPS, Beats Revenue for Q2 2024",https://investorplace.com/earning-results/2024/08/sdhc-stock-earnings-smith-douglas-homes-for-q2-of-2024/,https://da.gd/UMzx
InvestorPlace,SOAR Stock Earnings: Volato Group Reported Results for Q2 2024,https://investorplace.com/earning-results/2024/08/soar-stock-earnings-volato-group-for-q2-of-2024/,https://da.gd/uSOUpW
InvestorPlace,"MDWD Stock Earnings: MediWound Misses EPS, Beats Revenue for Q2 2024",https://investorplace.com/earning-results/2024/08/mdwd-stock-earnings-mediwound-for-q2-of-2024/,https://da.gd/LERLjb
InvestorPlace,"GLBE Stock Earnings: Global E Online Beats EPS, Beats Revenue for Q2 2024",https://investorplace.com/earning-results/2024/08/glbe-stock-earnings-global-e-online-for-q2-of-2024/,https://da.gd/0svk3
InvestorPlace,"CREX Stock Earnings: Creative Realities Beats EPS, Beats Revenue for Q2 2024",https://investorplace.com/earning-results/2024/08/crex-stock-earnings-creative-realities-for-q2-of-2024/,https://da.gd/WKtBl
InvestorPlace,"MOND Stock Earnings: Mondee Hldgs Misses EPS, Misses Revenue for Q2 2024",https://investorplace.com/earning-results/2024/08/mond-stock-earnings-mondee-hldgs-for-q2-of-2024/,https://da.gd/kCHpc
InvestorPlace,"DTST Stock Earnings: Data Storage Misses EPS, Misses Revenue for Q2 2024",https://investorplace.com/earning-results/2024/08/dtst-stock-earnings-data-storage-for-q2-of-2024/,https://da.gd/fZkNk
InvestorPlace,"SACH Stock Earnings: Sachem Cap Misses EPS, Misses Revenue for Q2 2024",https://investorplace.com/earning-results/2024/08/sach-stock-earnings-sachem-cap-for-q2-of-2024/,https://da.gd/RS7Y0s
InvestorPlace,"TSAT Stock Earnings: Telesat Beats EPS, Beats Revenue for Q2 2024",https://investorplace.com/earning-results/2024/08/tsat-stock-earnings-telesat-for-q2-of-2024/,https://da.gd/3zNnU
InvestorPlace,ITRM Stock Earnings: Iterum Therapeutics Beats EPS for Q2 2024,https://investorplace.com/earning-results/2024/08/itrm-stock-earnings-iterum-therapeutics-for-q2-of-2024/,https://da.gd/5fPvY
InvestorPlace,EDBL Stock Earnings: Edible Garden AG Misses Revenue for Q2 2024,https://investorplace.com/earning-results/2024/08/edbl-stock-earnings-edible-garden-ag-for-q2-of-2024/,https://da.gd/uDV4h
InvestorPlace,"BKKT Stock Earnings: Bakkt Hldgs Misses EPS, Beats Revenue for Q2 2024",https://investorplace.com/earning-results/2024/08/bkkt-stock-earnings-bakkt-hldgs-for-q2-of-2024/,https://da.gd/SrUn6
InvestorPlace,PYPD Stock Earnings: PolyPid Beats EPS for Q2 2024,https://investorplace.com/earning-results/2024/08/pypd-stock-earnings-polypid-for-q2-of-2024/,https://da.gd/4Trq
InvestorPlace,"EVAX Stock Earnings: Evaxion Biotech Beats EPS, Beats Revenue for Q2 2024",https://investorplace.com/earning-results/2024/08/evax-stock-earnings-evaxion-biotech-for-q2-of-2024/,https://da.gd/tZbKD
InvestorPlace,"PFGC Stock Earnings: Performance Food Gr Beats EPS, Misses Revenue for Q4 2024",https://investorplace.com/earning-results/2024/08/pfgc-stock-earnings-performance-food-gr-for-q4-of-2024/,https://da.gd/AbOKa
InvestorPlace,"KMDA Stock Earnings: Kamada Beats EPS, Beats Revenue for Q2 2024",https://investorplace.com/earning-results/2024/08/kmda-stock-earnings-kamada-for-q2-of-2024/,https://da.gd/kPXMI
InvestorPlace,OTLK Stock Earnings: Outlook Therapeutics Beats EPS for Q3 2024,https://investorplace.com/earning-results/2024/08/otlk-stock-earnings-outlook-therapeutics-for-q3-of-2024/,https://da.gd/Panqx
InvestorPlace,BCLI Stock Earnings: Brainstorm Cell Misses EPS for Q2 2024,https://investorplace.com/earning-results/2024/08/bcli-stock-earnings-brainstorm-cell-for-q2-of-2024/,https://da.gd/qyg6QC
InvestorPlace,TRIB Stock Earnings: Trinity Biotech Reported Results for Q2 2024,https://investorplace.com/earning-results/2024/08/trib-stock-earnings-trinity-biotech-for-q2-of-2024/,https://da.gd/EBVsky
InvestorPlace,"CRMD Stock Earnings: Cormedix Meets EPS, Misses Revenue for Q2 2024",https://investorplace.com/earning-results/2024/08/crmd-stock-earnings-cormedix-for-q2-of-2024/,https://da.gd/3MJMuU
InvestorPlace,ONDS Stock Earnings: Ondas Holdings Beats EPS for Q2 2024,https://investorplace.com/earning-results/2024/08/onds-stock-earnings-ondas-holdings-for-q2-of-2024/,https://da.gd/mCcXN
InvestorPlace,"SPHR Stock Earnings: Sphere Entertainment Beats EPS, Beats Revenue for Q4 2024",https://investorplace.com/earning-results/2024/08/sphr-stock-earnings-sphere-entertainment-for-q4-of-2024/,https://da.gd/r2E6L9
InvestorPlace,"ARCO Stock Earnings: Arcos Dorados Holdings Meets EPS, Beats Revenue for Q2 2024",https://investorplace.com/earning-results/2024/08/arco-stock-earnings-arcos-dorados-holdings-for-q2-of-2024/,https://da.gd/2PjuK
InvestorPlace,"VRCA Stock Earnings: Verrica Pharmaceuticals Beats EPS, Beats Revenue for Q2 2024",https://investorplace.com/earning-results/2024/08/vrca-stock-earnings-verrica-pharmaceuticals-for-q2-of-2024/,https://da.gd/fyvBUA
InvestorPlace,Bank of America Says Buy These 3 Stocks for a Double-Digit Rally,https://investorplace.com/2024/08/bank-of-america-says-buy-these-3-stocks-for-a-double-digit-rally/,https://da.gd/8bmryu
InvestorPlace,Why Is Conduit Pharmaceuticals (CDT) Stock Up 12% Today?,https://investorplace.com/2024/08/why-is-conduit-pharmaceuticals-cdt-stock-up-12-today/,https://da.gd/P1j9k
InvestorPlace,3 Nasdaq Stocks Poised for a Comeback After Last Week’s Market Meltdown,https://investorplace.com/2024/08/3-nasdaq-stocks-poised-for-a-comeback-after-last-weeks-market-meltdown/,https://da.gd/uu1Inj
InvestorPlace,3 Cheap Stocks That Are Looking Extra Spicy,https://investorplace.com/2024/08/3-cheap-stocks-that-are-looking-extra-spicy/,https://da.gd/OYlEA
InvestorPlace,Trade of the Day: Explore the Final Frontier with Intuitive Machines (LUNR) Stock,https://investorplace.com/2024/08/trade-of-the-day-explore-the-final-frontier-with-intuitive-machines-lunr-stock/,https://da.gd/38oz
InvestorPlace,VIX Vixens: 7 Attractive Stock Bets as the Fear Gauge Spikes,https://investorplace.com/2024/08/vix-vixens-7-attractive-stock-bets-as-the-fear-gauge-spikes/,https://da.gd/OJGIB
InvestorPlace,"Intel Stock Warning: INTC Is Still Too Risky, Even at Multi-Decade Lows",https://investorplace.com/2024/08/intel-stock-warning-intc-is-still-too-risky-even-at-multi-decade-lows/,https://da.gd/6VAyL4
InvestorPlace,What Are the Hottest Semiconductor Stocks Right Now? 3 Top Picks,https://investorplace.com/2024/08/what-are-the-hottest-semiconductor-stocks-right-now-3-top-picks/,https://da.gd/OJyfl
InvestorPlace,3 Great Growth Stocks to Buy Before Summer Ends,https://investorplace.com/2024/08/3-great-growth-stocks-to-buy-before-summer-ends/,https://da.gd/tSF3p
InvestorPlace,3 Solar Stocks to Buy on the Dip: August 2024,https://investorplace.com/2024/08/3-solar-stocks-to-buy-on-the-dip-august-2024/,https://da.gd/fsgRB3
InvestorPlace,Why Is Nuburu (BURU) Stock Up 47% Today?,https://investorplace.com/2024/08/why-is-nuburu-buru-stock-up-47-today/,https://da.gd/zUtyW
InvestorPlace,CLOV Stock Alert: What to Know About Clover Health’s Big Insider Buy,https://investorplace.com/2024/08/clov-stock-alert-what-to-know-about-clover-healths-big-insider-buy/,https://da.gd/OXJ4Bf
InvestorPlace,EAT Stock Alert: Why Shares of Brinker Are Plunging Today,https://investorplace.com/2024/08/eat-stock-alert-why-shares-of-brinker-are-plunging-today/,https://da.gd/Xil9v
InvestorPlace,Victoria’s Secret News: What’s Going On With VSCO Stock Today?,https://investorplace.com/2024/08/victorias-secret-news-whats-going-on-with-vsco-stock-today/,https://da.gd/7Ea76
InvestorPlace,BETR Stock Earnings: Better Home & Finance Reported Results for Q4 2023,https://investorplace.com/earning-results/2024/08/betr-stock-earnings-better-home-finance-for-q4-of-2023/,https://da.gd/5pJu
InvestorPlace,"EVO Stock Earnings: Evotec Misses EPS, Misses Revenue for Q2 2024",https://investorplace.com/earning-results/2024/08/evo-stock-earnings-evotec-for-q2-of-2024/,https://da.gd/wn10Vp
InvestorPlace,"UCL Stock Earnings: Ucloudlink Group Beats EPS, Beats Revenue for Q2 2024",https://investorplace.com/earning-results/2024/08/ucl-stock-earnings-ucloudlink-group-for-q2-of-2024/,https://da.gd/1GSpdE
InvestorPlace,"KPLT Stock Earnings: Katapult Holdings Misses EPS, Misses Revenue for Q2 2024",https://investorplace.com/earning-results/2024/08/kplt-stock-earnings-katapult-holdings-for-q2-of-2024/,https://da.gd/KUpI
InvestorPlace,"DOLE Stock Earnings: Dole Beats EPS, Beats Revenue for Q2 2024",https://investorplace.com/earning-results/2024/08/dole-stock-earnings-dole-for-q2-of-2024/,https://da.gd/nrtFPg
InvestorPlace,"MGIC Stock Earnings: Magic Software Meets EPS, Beats Revenue for Q2 2024",https://investorplace.com/earning-results/2024/08/mgic-stock-earnings-magic-software-for-q2-of-2024/,https://da.gd/cgBPc
InvestorPlace,"CAH Stock Earnings: Cardinal Health Beats EPS, Beats Revenue for Q4 2024",https://investorplace.com/earning-results/2024/08/cah-stock-earnings-cardinal-health-for-q4-of-2024/,https://da.gd/EuoV4
InvestorPlace,"RSKD Stock Earnings: Riskified Beats EPS, Beats Revenue for Q2 2024",https://investorplace.com/earning-results/2024/08/rskd-stock-earnings-riskified-for-q2-of-2024/,https://da.gd/GIQNXH
InvestorPlace,"PLX Stock Earnings: Protalix BioTherapeutics Misses EPS, Beats Revenue for Q2 2024",https://investorplace.com/earning-results/2024/08/plx-stock-earnings-protalix-biotherapeutics-for-q2-of-2024/,https://da.gd/o990
