feed,title,long_url,short_url
SeekingAlpha,Why sportsbooks may be rooting for one particular horse in today's Preakness Stakes,https://seekingalpha.com/news/4108066,
