feed,title,long_url,short_url
gNews,Stock market today: Wall Street ends flat as calm continues - Dothan Eagle,https://news.google.com/rss/articles/CBMimgFodHRwczovL2RvdGhhbmVhZ2xlLmNvbS9saWZlc3R5bGVzL3RlY2hub2xvZ3kvc3RvY2stbWFya2V0LXRvZGF5LXdhbGwtc3RyZWV0LWVuZHMtZmxhdC1hcy1jYWxtLWNvbnRpbnVlcy9hcnRpY2xlX2FkYjdiZjBmLTZiZGEtNTI5Yy1iODQ2LTc1Nzg1ZjIwY2IwNi5odG1s0gEA?oc=5,https://da.gd/BxgzB
