feed,title,long_url,short_url
Cointelegraph,"EigenLayer becomes 4th largest protocol, nears $7 billion TVL",https://cointelegraph.com/news/eigenlayer-4th-largest-protocol,https://da.gd/93ABZC
