feed,title,long_url,short_url
CryptoNewsFlash,LBank Explores Emerging Narratives in Cryptocurrency and Regulatory Environment for 2023 – Vol. 9,https://crypto-news-flash.com/lbank-explores-emerging-narratives-in-cryptocurrency-and-regulatory-environment-for-2023-vol-9/,
CryptoNewsFlash,What Hong Kong’s New Crypto License Means for Student Jobs,https://crypto-news-flash.com/what-hong-kongs-new-crypto-license-means-for-student-jobs/,
