feed,title,long_url,short_url
Yahoo,"Twitter bans 7,000 accounts linked to QAnon",https://finance.yahoo.com/video/twitter-bans-7-000-accounts-145728834.html?.tsrc=rss,https://j.mp/3hrgvRK
Yahoo,Twitter Reports Earnings Thursday. Here’s What to Expect.,https://finance.yahoo.com/m/f4d19a3c-624c-3796-9a00-22df6c805576/twitter-reports-earnings.html?.tsrc=rss,https://j.mp/32LfujA
Yahoo,Morning Bell With Jim Cramer: Tesla Reports Earnings Today,https://finance.yahoo.com/m/99466a01-6e5f-3610-864a-5a2646f04d2a/morning-bell-with-jim-cramer%3A.html?.tsrc=rss,https://j.mp/3eSKeRS
