feed,title,long_url,short_url
SeekingAlpha,The NYC office real estate market is a train wreck,https://seekingalpha.com/news/3623852,
