feed,title,long_url,short_url
💰Barrons,Nvidia Stock Slips. Reasons to Believe the AI Trend Will Keep Going.,https://barrons.com/articles/nvidia-stock-price-ai-chips-88b0b543?mod=RTA,
