feed,title,long_url,short_url
💰Barrons,"EP Wealth Buys $1.6 Billion Michigan RIA, Boosting Midwest Footprint",https://barrons.com/advisor/articles/ep-wealth-advisors-buys-executive-wealth-management-2c43a9fe?mod=RTA,https://da.gd/NztkJ
