feed,title,long_url,short_url
🔐MarketWatch,Next Avenue: 11 strategies to help you save on your mortgage,http://www.marketwatch.com/news/story.asp?guid=%7B20C06575-04D4-B545-7240-F4164FAEB92C%7D&siteid=rss&rss=1,https://da.gd/3Pny
