feed,title,long_url,short_url
Investopedia,Alphabet (GOOG) Option Traders Searching for New Highs The trading volumes indicate that traders have been selling puts and buying calls in anticipation of a positive earnings report,https://investopedia.com/--5194343,
Investopedia,Visa (V) Option Traders Optimistic Ahead of Earnings,https://investopedia.com/--5194350,
