feed,title,long_url,short_url
Benzinga,"At 7% CAGR, Global Artificial Blood Vessels Market Report 2020 Will Reach USD 3,300 Million By 2026: Says Facts & Factors",https://www.benzinga.com/pressreleases/21/01/g19293474/at-7-cagr-global-artificial-blood-vessels-market-report-2020-will-reach-usd-3-300-million-by-2026-,https://j.mp/39dIa7u
