feed,title,long_url,short_url
SeekingAlpha,Silver Chartbook - When It Counts,https://seekingalpha.com/article/4366888,
