feed,title,long_url,short_url
TMF,Robinhood ETFs: Should You Buy These 5 Top Picks?,https://www.fool.com/investing/2021/02/10/robinhood-etfs-should-you-buy-these-5-top-picks/?source=iedfolrf0000001,https://j.mp/3p8KukO
TMF,Is Twitter Stock a Buy After a Strong Q4?,https://www.fool.com/investing/2021/02/10/is-twitter-stock-a-buy-after-a-strong-q4/?source=iedfolrf0000001,https://j.mp/3jypgfj
