feed,title,long_url,short_url
MarketWatch,Retirement Weekly: How to put your child tax credit to work for the future,http://www.marketwatch.com/news/story.asp?guid=%7B20C05575-04D4-B545-75D2-5DAECFDF8DDF%7D&siteid=rss&rss=1,https://on.mktw.net/3j3G5QB
