feed,title,long_url,short_url
Motley,1 Growth Stock You Can Buy for Less Than $100,https://www.fool.com/investing/2022/04/06/1-growth-stock-you-can-buy-for-less-than-100/?source=iedfolrf0000001,https://bit.ly/38kNkk3
