feed,title,long_url,short_url
Decrypt,Nvidia Flips Amazon In Market Cap Riding High On AI,https://decrypt.co/217330/nvidia-flips-amazon-in-market-cap-riding-high-on-ai,https://da.gd/w6dLST
