feed,title,long_url,short_url
Investors,100 Best Stocks 2023: Nvidia Among The Magnificent Seven Stocks Listed,https://www.investors.com/news/best-stocks-2023-nvidia-stock-among-magnificent-seven-stocks-listed/,https://da.gd/1ZAmH1
