feed,title,long_url,short_url
Bitcoin.com,Bitcoin’s $90K Era: A Fleeting Moment or the Start of a New Chapter?,https://news.bitcoin.com/bitcoins-90k-era-a-fleeting-moment-or-the-start-of-a-new-chapter/,https://da.gd/M410L1
