feed,title,long_url,short_url
Yahoo,Best Stock to Buy Right Now: Amazon vs. Home Depot,https://www.fool.com/investing/2024/11/23/best-stock-to-buy-now-amazon-vs-home-depot/?source=eptyholnk0000202&utm_source=yahoo-host-full&utm_medium=feed&utm_campaign=article&referring_guid=00a33c65-5252-43e0-a751-939e85dad43c&.tsrc=rss,https://da.gd/zihnma
