feed,title,long_url,short_url
Benzinga,Return On Capital Employed Overview: Akamai Technologies,https://www.benzinga.com/news/earnings/20/10/17922278/return-on-capital-employed-overview-akamai-technologies,https://j.mp/3j9VFah
Benzinga,Return On Capital Employed Overview: Akamai Technologies,https://www.benzinga.com/news/earnings/20/10/17922277/return-on-capital-employed-overview-akamai-technologies,https://j.mp/2ItpkhH
Benzinga,Stocks That Hit 52-Week Lows On Thursday,https://www.benzinga.com/news/20/10/17922273/stocks-that-hit-52-week-lows-on-thursday,https://j.mp/2H1UMTD
Benzinga,Looking Into Staffing 360 Solutions's Return On Capital Employed,https://www.benzinga.com/news/earnings/20/10/17922240/looking-into-staffing-360-solutionss-return-on-capital-employed,https://j.mp/2Hax9bn
Benzinga,Vornado Announces Third Quarter 2020 Earnings Release Date and Conference Call Information,https://www.benzinga.com/pressreleases/20/10/g17922239/vornado-announces-third-quarter-2020-earnings-release-date-and-conference-call-information,https://j.mp/2ICfeLP
Benzinga,P/E Ratio Insights for Regeneron Pharmaceuticals,https://www.benzinga.com/news/earnings/20/10/17922225/pe-ratio-insights-for-regeneron-pharmaceuticals,https://j.mp/3nWfcyv
Benzinga,ROCE Insights For Tesla,https://www.benzinga.com/news/earnings/20/10/17922221/roce-insights-for-tesla,https://j.mp/2FC53pm
Benzinga,"Metal Fiber Market to Reach USD 6,561.6 Million by 2027; Urgent Need to Control Air Traffic & Pollution will Spur Growth, says Fortune Business Insights™",https://www.benzinga.com/pressreleases/20/10/g17922219/metal-fiber-market-to-reach-usd-6-561-6-million-by-2027-urgent-need-to-control-air-traffic-polluti,https://j.mp/354hiUj
Benzinga,A Look Into Financial Services Sector Value Stocks,https://www.benzinga.com/news/earnings/20/10/17922202/a-look-into-financial-services-sector-value-stocks,https://j.mp/319RGnA
