feed,title,long_url,short_url
TheStreet,Best Casinos List Trolls the Las Vegas Strip,https://www.thestreet.com/investing/best-casinos-list-trolls-the-las-vegas-strip,https://bit.ly/3RVHXJO
