feed,title,long_url,short_url
Yahoo,Tesla Announces Another Artificial Intelligence (AI) Supercomputer. Here Are the Real Winners.,https://finance.yahoo.com/news/tesla-announces-another-artificial-intelligence-110400924.html,https://da.gd/ljkPAl
Yahoo,Best AI Stock 2024: Nvidia Stock vs. Super Micro Computer Stock,https://finance.yahoo.com/news/best-ai-stock-2024-nvidia-110000547.html,https://da.gd/Y1zsdk
