feed,title,long_url,short_url
SeekingAlpha,10% Yield From Real Estate Investing: RIET ETF,https://seekingalpha.com/article/4667412,
