feed,title,long_url,short_url
🔐MarketWatch:Top,Dow climbs 170 points as stocks resume rally after brief pullback,https://www.marketwatch.com/story/s-p-500-futures-bounce-back-after-worst-one-day-slide-in-three-months-11761d3f?mod=home-page,https://da.gd/yvdUnR
