feed,title,long_url,short_url
CryptoDailyUK,Expert Predicts The Next Coinbase Listing: Can It Dwarf Solana in 2021?,https://cryptodaily.co.uk/2025/02/expert-predicts-the-next-coinbase-listing-can-it-dwarf-solana-in-2021,https://da.gd/Z3810
CryptoDailyUK,Traders Say Goodbye to Dogecoin But Onchain Metrics Show Solana Might Have Another Leg Up,https://cryptodaily.co.uk/2025/02/traders-say-goodbye-to-dogecoin-but-onchain-metrics-show-solana-might-have-another-leg-up,https://da.gd/e54D5
