feed,title,long_url,short_url
Investing,Earnings call: Liquidia anticipates FDA nod for YUTREPIA post-March,https://www.investing.com/news/stock-market-news/earnings-call-liquidia-anticipates-fda-nod-for-yutrepia-postmarch-93CH-3339122,https://da.gd/sSXOqc
Investing,Earnings call: Alarum Technologies reported a profitable 4Q for 2023,https://www.investing.com/news/stock-market-news/earnings-call-alarum-technologies-reported-a-profitable-4q-for-2023-93CH-3339121,https://da.gd/McrM2
Investing,Earnings call: GoHealth sees improved revenue and cash flow in 2023,https://www.investing.com/news/stock-market-news/earnings-call-gohealth-sees-improved-revenue-and-cash-flow-in-2023-93CH-3339118,https://da.gd/jUXwLo
Investing,US Chamber of Commerce sues SEC over climate risk disclosure rules,https://www.investing.com/news/stock-market-news/us-chamber-of-commerce-sues-sec-over-climate-risk-disclosure-rules-3339117,https://da.gd/aFar4t
Investing,NV5 Global executive VP sells over $340k in company stock,https://www.investing.com/news/stock-market-news/nv5-global-executive-vp-sells-over-340k-in-company-stock-93CH-3339116,https://da.gd/5ki1w
Investing,Earnings call: Aveanna Healthcare posts increased Q4 and 2023 revenue,https://www.investing.com/news/stock-market-news/earnings-call-aveanna-healthcare-posts-increased-q4-and-2023-revenue-93CH-3339115,https://da.gd/b83RF
Investing,Earnings call: Magic Software Q4 revenue dips to $125.5 million,https://www.investing.com/news/stock-market-news/earnings-call-magic-software-q4-revenue-dips-to-1255-million-93CH-3339114,https://da.gd/AMAm4
Investing,Earnings call: Target Hospitality reports strong Q4 and full-year results,https://www.investing.com/news/stock-market-news/earnings-call-target-hospitality-reports-strong-q4-and-fullyear-results-93CH-3339112,https://da.gd/iHK04
Investing,Earnings call: FTC Solar outlines path to profitability in 2024,https://www.investing.com/news/stock-market-news/earnings-call-ftc-solar-outlines-path-to-profitability-in-2024-93CH-3339111,https://da.gd/xD7UM
Investing,Earnings call: Fossil Group outlines strategic plan targeting $300 million in benefits,https://www.investing.com/news/stock-market-news/earnings-call-fossil-group-outlines-strategic-plan-targeting-300-million-in-benefits-93CH-3339110,https://da.gd/NXhhlp
