feed,title,long_url,short_url
gNews,US Penny Stocks To Consider In February 2025 - Yahoo Finance,https://news.google.com/rss/articles/CBMihgFBVV95cUxQV2xXWmRNTjlFVzQ0N3FkcFY5OHM3b0RUSVdEVkJsTE81RFJBMXgwcUR5emRmMktoOFNDQUZ3VWZoQ1NLeEltcnNQZW5Vc0d2TzN2c1J0ckVOODBhSkVCY1Y4WFdLMWtDQWZLZG1FUENrYi13dE9WREhfdTE4T284OUZaQkhFZw?oc=5,https://da.gd/IZUhB
