feed,title,long_url,short_url
Benzinga,Wells Fargo Axes Employees Over Fake Keyboard Activity,https://benzinga.com/markets/equities/24/06/39318724/wells-fargo-axes-employees-over-fake-keyboard-activity,https://da.gd/B3od
Benzinga,Smart Money Is Betting Big In SWKS Options,https://benzinga.com/insights/options/24/06/39318672/smart-money-is-betting-big-in-swks-options,https://da.gd/urSM0
Benzinga,Unpacking the Latest Options Trading Trends in TeraWulf,https://benzinga.com/insights/options/24/06/39318671/unpacking-the-latest-options-trading-trends-in-terawulf,https://da.gd/q59ykJ
Benzinga,Deere's Options: A Look at What the Big Money is Thinking,https://benzinga.com/insights/options/24/06/39318669/deeres-options-a-look-at-what-the-big-money-is-thinking,https://da.gd/l7IubX
