feed,title,long_url,short_url
SeekingAlpha,Avino Silver & Gold Mines: Lower Gold Grades Impact Q1 Production,https://seekingalpha.com/article/4502388,
SeekingAlpha,PAR Tech: Making Great Strides Ahead,https://seekingalpha.com/article/4502386,
SeekingAlpha,Street Earnings Overstated For Most S&P 500 Companies In 2021,https://seekingalpha.com/article/4502383,
SeekingAlpha,The Fed-Life In The Fast Lane,https://seekingalpha.com/article/4502385,
SeekingAlpha,UBS Shares Rebound - Here's What Is Going On,https://seekingalpha.com/article/4502382,
SeekingAlpha,Can Meta Platforms Stock Recover? We're Bullish Into Q1 Earnings,https://seekingalpha.com/article/4502381,
