feed,title,long_url,short_url
SeekingAlpha,EQONEX partners with Intelligence Squared to launch a series of crypto debates,https://seekingalpha.com/news/3713524,
