feed,title,long_url,short_url
Investing,Ethereum Falls 10% In Bearish Trade,https://investing.com/news/-2552675,
