feed,title,long_url,short_url
Benzinga,"AngioDynamics, Disney And 3 Stocks To Watch Heading Into Wednesday",https://benzinga.com/news/earnings/23/07/33193590/angiodynamics-disney-and-3-stocks-to-watch-heading-into-wednesday,https://da.gd/LQ8Nww
