feed,title,long_url,short_url
Cointelegraph,"What is NFT lending, and how does it work?",https://cointelegraph.com/explained/what-is-nft-lending-and-how-does-it-work,https://da.gd/Dq65O
