feed,title,long_url,short_url
🔐MarketWatch,BioCardia stock price target cut to $3 from $4 at Dawson James,http://www.marketwatch.com/tools/quotes/quotes.asp?symb=BCDA&siteid=rss,https://on.mktw.net/37s98u4
