feed,title,long_url,short_url
Motley,"Don't Look Now, but Cava Is Worth 10 Cracker Barrels. Time to Buy the Stock?",https://www.fool.com/investing/2024/06/06/dont-look-now-but-cava-is-worth-10-cracker-barrels/?source=iedfolrf0000001,https://da.gd/aaGLk
