feed,title,long_url,short_url
SA,[XLF] Goldman Sachs Q2 Earnings Preview: Can The Rally Keep Going?,https://seekingalpha.com/article/4702985,
