feed,title,long_url,short_url
InsiderMonkey,Reasons to Invest in The Trade Desk (TTD),https://insidermonkey.com/blog/--1185675,
InsiderMonkey,Here’s Why Baron Fifth Avenue Growth Fund Added Mobileye Global (MBLY),https://insidermonkey.com/blog/--1185679,
