feed,title,long_url,short_url
InsiderMonkey,Apple Inc. (AAPL): A Bull Case Theory,https://insidermonkey.com/blog/--1377954,
