feed,title,long_url,short_url
Yahoo,3 Reasons to Buy Tesla Stock Like There's No Tomorrow,https://www.fool.com/investing/2024/10/24/3-reasons-to-buy-tesla-stock-like-theres-no-tomorr/?source=eptyholnk0000202&utm_source=yahoo-host-full&utm_medium=feed&utm_campaign=article&referring_guid=4893ab81-0d22-4bd9-af92-d27fe99c7f82&.tsrc=rss,https://da.gd/onHD8H
