feed,title,long_url,short_url
ZeroHedgeRU,Why Don't Currencies Trade Like They Used To?,https://www.zerohedge.com/markets/why-dont-currencies-trade-they-used,https://bit.ly/3yqkycA
