feed,title,long_url,short_url
CryptoDailyUK,A Week of Big Wins at HugeWin Online Casino,https://cryptodaily.co.uk/2024/04/a-week-of-big-wins-at-hugewin-online-casino,https://da.gd/ynGK
