feed,title,long_url,short_url
SeekingAlpha,Green Bonds: 5 Years After Paris,https://seekingalpha.com/article/4421325,
