feed,title,long_url,short_url
Benzinga,"Paper Bags Market is expected to reach US$ 7.3 Bn by 2030, expanding at a CAGR of 4.1%. - Future Market Insights, Inc.",https://benzinga.com/pressreleases/22/07/n28062706/paper-bags-market-is-expected-to-reach-us-7-3-bn-by-2030-expanding-at-a-cagr-of-4-1-future-market-,
