feed,title,long_url,short_url
CoinDesk,"Bitcoin's slide has no single cause. AI, tech IPOs, quantum, Strategy sale all play a role, NYDIG says",https://www.coindesk.com/markets/2026/06/07/bitcoin-s-slide-has-no-single-cause-ai-tech-ipos-quantum-strategy-sale-all-play-a-role-nydig-says,
