feed,title,long_url,short_url
Cointelegraph,Hong Kong ‘ready’ to capitalize on crypto’s next bull run: Hashkey Capital,https://cointelegraph.com/news/hong-kong-mass-crypto-adoption-hashkey-capital-jupiter-zheng,https://da.gd/KbWyo
