feed,title,long_url,short_url
🔐MarketWatch,Metals Stocks: Gold prices cede more ground as investors brace for Fed decision,http://www.marketwatch.com/news/story.asp?guid=%7B20C05575-04D4-B545-7E80-FAB3BE746411%7D&siteid=rss&rss=1,https://on.mktw.net/3xORZFg
