feed,title,long_url,short_url
Benzinga,How Spirit Stock Will Perform As Travel Prices Soar: What Potential Mergers May Mean,https://benzinga.com/fintech/22/06/27699919/how-spirit-stock-will-perform-as-travel-prices-soar-what-potential-mergers-may-mean,https://bit.ly/3xPqxHs
