feed,title,long_url,short_url
SA,[METC] Materials Sector Weekly Round-up: Ramaco Resources at the top; Nexa Resources drops on poor earnings,https://seekingalpha.com/news/3761147,
