feed,title,long_url,short_url
BeInCrypto,This Solana Meme Coin Surged Nearly 50%: What’s Next?,https://beincrypto.com/solana-meme-coin-dogwifhat-wif-soars/,https://da.gd/JxMkRJ
