feed,title,long_url,short_url
ETFTrends:DailyRecap,PDBA Offers Commodities Exposure Without Hassle of K-1,https://www.etftrends.com/innovative-etfs-channel/pdba-offers-commodities-exposure-without-hassle-of-k-1/,https://bit.ly/3fkgVOs
ETFTrends:DailyRecap,Brace for the Likelihood of a Recession With LVOL,https://www.etftrends.com/core-strategies-channel/brace-for-the-likelihood-of-a-recession-with-lvol/,https://bit.ly/3fmNhrT
ETFTrends:DailyRecap,Flows Into Consumer Staples ETFs Rebound on Economic Uncertainty,https://www.etftrends.com/portfolio-strategies-channel/flows-into-consumer-staples-etfs-rebound-on-economic-uncertainty/,https://bit.ly/3fi7MWR
ETFTrends:DailyRecap,Active ETF Launches Are on the Rise,https://www.etftrends.com/active-etf-channel/active-etf-launches-are-on-the-rise/,https://bit.ly/3TLPFHH
ETFTrends:DailyRecap,Rise Above Rising Rates with CLOs and FRNs,https://www.etftrends.com/tactical-allocation-channel/rise-above-rising-rates-with-clos-and-frns/,https://bit.ly/3U8WJ1r
ETFTrends:DailyRecap,Bearish Sentiment Fuels Market Rally,https://www.etftrends.com/etf-strategist-channel/bearish-sentiment-fuels-market-rally/,https://bit.ly/3TRtzUk
ETFTrends:DailyRecap,Why Investors Should Consider Active ETFs to Capture Emerging Opportunities,https://www.etftrends.com/emerging-markets-channel/why-investors-should-consider-active-etfs-to-capture-emerging-opportunities/,https://bit.ly/3TSxYX1
ETFTrends:DailyRecap,Tricks or Treats With Tom Lydon: See What Shocked These Industry Pros,https://www.etftrends.com/tricks-or-treats-with-tom-lydon-see-what-shocked-these-industry-pros/,https://bit.ly/3SV8FSR
ETFTrends:DailyRecap,Franklin Templeton Debuts 2 Converted ETFs,https://www.etftrends.com/volatility-resource-channel/franklin-templeton-debuts-2-converted-etfs/,https://bit.ly/3TX07fI
ETFTrends:DailyRecap,"ACES Rallied Last Week, Increasing Over 7%",https://www.etftrends.com/etf-building-blocks-channel/aces-rallied-last-week-increasing-over-7/,https://bit.ly/3WulWVA
ETFTrends:DailyRecap,Battle Breast Cancer With Simplify’s PINK,https://www.etftrends.com/exchange-an-etf-experience/battle-breast-cancer-with-simplifys-pink/,https://bit.ly/3WlO8cU
ETFTrends:DailyRecap,WisdomTree’s Office Hours Series Takes on Emerging Markets and the Fed,https://www.etftrends.com/model-portfolio-channel/wisdomtrees-office-hours-series-takes-on-emerging-markets-and-the-fed/,https://bit.ly/3NohqDQ
ETFTrends:DailyRecap,Move Over Real Estate: Why Managed Futures Are the New Portfolio Diversifier,https://www.etftrends.com/managed-futures-channel/move-over-real-estate-why-managed-futures-are-the-new-portfolio-diversifier/,https://bit.ly/3WlO7pm
ETFTrends:DailyRecap,"Women in ETFs Group Exceeds 8,000 Global Members",https://www.etftrends.com/women-in-etfs-group-exceeds-8000-global-members/,https://bit.ly/3Wl9Q0I
ETFTrends:DailyRecap,Single-Bond ETFs Could Pave the Way for More Trading,https://www.etftrends.com/single-bond-etfs-could-pave-the-way-for-more-trading/,https://bit.ly/3h05MD1
ETFTrends:DailyRecap,The State of Fixed Income: 3 Advisors Weigh In,https://www.etftrends.com/fixed-income-channel/the-state-of-fixed-income-3-advisors-weigh-in/,https://bit.ly/3WmHa7x
ETFTrends:DailyRecap,"Shopify Keeps Climbing Following Q3 Earnings, Add Exposure With ARKF",https://www.etftrends.com/disruptive-technology-channel/shopify-keeps-climbing-following-q3-earnings-add-exposure-with-arkf/,https://bit.ly/3WlO7Wo
ETFTrends:DailyRecap,"Despite Food Shortage, Commodities Have Been Resilient Amid Inflation",https://www.etftrends.com/commodities-channel/despite-food-shortage-commodities-have-been-resilient-amid-inflation/,https://bit.ly/3fjvzFI
ETFTrends:DailyRecap,"As More Adopt Factor Investing, Consider This Adaptive ETF",https://www.etftrends.com/thematic-etfs-channel/as-more-adopt-factor-investing-consider-this-adaptive-etf/,https://bit.ly/3TU0cAz
ETFTrends:DailyRecap,Event-Driven Strategies Back in Focus,https://www.etftrends.com/alternatives-channel/event-driven-strategies-back-in-focus/,https://bit.ly/3DKAGrQ
ETFTrends:DailyRecap,Falling Treasury Yields Open Opportunities for This Pair of ETFs,https://www.etftrends.com/leveraged-inverse-channel/falling-treasury-yields-open-opportunities-for-this-pair-of-etfs/,https://bit.ly/3U2CYrM
ETFTrends:DailyRecap,Using Tax Loss Harvesting to Move Into an Active Bond ETF,https://www.etftrends.com/esg-channel/using-tax-loss-harvesting-to-move-into-an-active-bond-etf/,https://bit.ly/3gRMLCB
ETFTrends:DailyRecap,ETFs Are Not Scaring Advisors on Halloween,https://www.etftrends.com/energy-infrastructure-channel/etfs-are-not-scaring-advisors-on-halloween/,https://bit.ly/3fklEj8
ETFTrends:DailyRecap,Check Out These ETFs as Rising Oil Prices Boost Earnings,https://www.etftrends.com/tactical-allocation-channel/check-out-these-etfs-as-rising-oil-prices-boost-earnings/,https://bit.ly/3DmUUXu
