feed,title,long_url,short_url
CNBC,"Stocks making the biggest moves in the premarket: Abiomed, Uber, SoFi, Pfizer and more",https://www.cnbc.com/2022/11/01/stocks-making-the-biggest-moves-in-the-premarket-abiomed-uber-sofi-pfizer-and-more.html,https://cnb.cx/3Fu2su6
