feed,title,long_url,short_url
r/investing:50+,"""US Job Openings Post Surprise Increase, Keeping Pressure on Fed"" - Bloomberg",https://redd.it/yjcxdh,
