feed,title,long_url,short_url
SeekingAlpha,Upstart: Nosebleed Valuation With No Competitive Moat And Massively Overvalued,https://seekingalpha.com/article/4454393,
