feed,title,long_url,short_url
Benzinga,"Automotive Crankshaft Market to Cross USD 4.33 billion, at a CAGR of 2.23% by 2031 | States Transparency Market Research Inc",https://benzinga.com/pressreleases/23/11/g35831964/automotive-crankshaft-market-to-cross-usd-4-33-billion-at-a-cagr-of-2-23-by-2031-states-transparen,
