feed,title,long_url,short_url
gNews,Dow Futures Up 130 Pts as Stimulus Confidence Rises - Investing.com,https://www.investing.com/news/stock-market-news/dow-futures-up-130-pts-as-stimulus-confidence-rises-2370783,https://j.mp/3oTj5Uu
