feed,title,long_url,short_url
Motley,Did Microsoft Stock Crush the Competition With Its New Artificial Intelligence Products?,https://www.fool.com/investing/2024/10/23/did-microsoft-stock-crush-the-competition-with-its/?source=iedfolrf0000001,https://da.gd/siGpY
Motley,"If I Could Invest $1,000 In Any Nasdaq ETF, It Would Be This One",https://www.fool.com/investing/2024/10/23/the-best-nasdaq-etf-to-invest-1000-in-right-now/?source=iedfolrf0000001,https://da.gd/oQSpPB
