feed,title,long_url,short_url
Motley,3 Top Industrial Stocks to Buy in November,https://www.fool.com/investing/2022/11/15/3-top-industrial-stocks-to-buy-in-november/?source=iedfolrf0000001,https://bit.ly/3AegzQU
Motley,Is It Finally Time to Buy DLocal Stock?,https://www.fool.com/investing/2022/11/15/is-it-finally-time-to-buy-dlocal-stock/?source=iedfolrf0000001,https://bit.ly/3TSYteh
Motley,Royal Caribbean Posts Its First Profitable Post-Pandemic Quarter: Time to Buy the Dip?,https://www.fool.com/investing/2022/11/15/royal-caribbean-posted-its-first-profitable-post-p/?source=iedfolrf0000001,https://bit.ly/3hIAKA3
