feed,title,long_url,short_url
SeekingAlpha,A Painful Day For nCino Reinforces The Problems Its Investors Face,https://seekingalpha.com/article/4717743,
