feed,title,long_url,short_url
SeekingAlpha,Supreme Court Taking Shareholder Complaints Buys Calabria More Time At FHFA To Facilitate Frannie Capital Raise,https://seekingalpha.com/article/4358760,
