feed,title,long_url,short_url
Benzinga,Here's How Much $1000 Invested In TJX Companies 15 Years Ago Would Be Worth Today,https://benzinga.com/news/earnings/22/07/28116361/heres-how-much-1000-invested-in-tjx-companies-15-years-ago-would-be-worth-today,https://bit.ly/3clIvsS
Benzinga,$1000 Invested In Sempra Energy 20 Years Ago Would Be Worth This Much Today,https://benzinga.com/news/earnings/22/07/28116353/1000-invested-in-sempra-energy-20-years-ago-would-be-worth-this-much-today,https://bit.ly/3odF7mx
Benzinga,Intel Looks To Boost Prices After TSMC Price Hike,https://benzinga.com/news/22/07/28112997/this-leading-chipmaker-looks-to-boost-prices-after-tsmc,https://bit.ly/3yT41g1
