feed,title,long_url,short_url
SeekingAlpha,P.A.M. Transportation names new CEO,https://seekingalpha.com/news/3603012,
SeekingAlpha,"Main Street Lending traffic will pick up if economy worsens, says Rosengren",https://seekingalpha.com/news/3603011,
