feed,title,long_url,short_url
Bitcoin.com,Cambodia Extradites Billionaire Chen Zhi to China in Billion-Dollar Crypto Scam,https://news.bitcoin.com/cambodia-extradites-billionaire-chen-zhi-to-china-in-billion-dollar-crypto-scam/,
