feed,title,long_url,short_url
Coinfomania,Venom To Launch A Blockchain Hub With Kenyan Government,https://coinfomania.com/venom-to-launch-a-blockchain-hub-with-kenyan-government/?utm_source=rss&utm_medium=rss&utm_campaign=venom-to-launch-a-blockchain-hub-with-kenyan-government,https://da.gd/jvEbXo
