feed,title,long_url,short_url
Investing,IBM Stock Has Never Looked So Exciting - Time to Buy?,https://www.investing.com/analysis/ibm-stock-has-never-looked-so-exciting--time-to-buy-200653494,https://da.gd/U3qOX
