feed,title,long_url,short_url
Investing,Wake Me Up When It’s Over,https://investing.com/analysis/-200630843,
Investing,A Generational Opportunity In Small Caps: An Interview With Howard Punch,https://investing.com/analysis/-200630749,
Investing,3 Rare 2022 Winners That Are Still On Sale,https://investing.com/analysis/-200630840,
Investing,El Salvador President Nayib Bukele Criticizes Bitcoin Detractors,https://investing.com/news/-2907792,
