feed,title,long_url,short_url
InvestorPlace,MARA Stock: 7 Things to Know About Marathon Digital as It Piggybacks on the Bitcoin Pop,https://investorplace.com/2022/01/mara-stock-7-things-to-know-about-marathon-digital-as-it-piggybacks-on-the-bitcoin-pop/,https://j.mp/3K5AQvb
