feed,title,long_url,short_url
SeekingAlpha,Asia-Pacific markets mixed ahead of U.S. data,https://seekingalpha.com/news/3604948,
