feed,title,long_url,short_url
CoinDesk,First Mover Americas: Justice Department May Charge Binance With Fraud: Report,https://www.coindesk.com/markets/2023/08/03/first-mover-americas-justice-department-may-charge-binance-with-fraud-report/?utm_medium=referral&utm_source=rss&utm_campaign=headlines,https://da.gd/xUarc
