feed,title,long_url,short_url
Benzinga,"Propelling Growth: Global Aviation Insurance Market Anticipated to Generate a Revenue of $6,326.30 Million and Rise at a Noteworthy CAGR 5.20% over the Analysis Timeframe from 2021 to 2028 | Exclusively Available [208-Pages] by Research Div",https://benzinga.com/pressreleases/22/03/g26371858/propelling-growth-global-aviation-insurance-market-anticipated-to-generate-a-revenue-of-6-326-30-m,
Benzinga,"Biliary Stents Market size worth $ 408.11 Million, Globally, by 2028 at 4.26% CAGR: Verified Market Research®",https://benzinga.com/pressreleases/22/03/n26371830/biliary-stents-market-size-worth-408-11-million-globally-by-2028-at-4-26-cagr-verified-market-rese,
