feed,title,long_url,short_url
Benzinga,Golar LNG Limited and Stonepeak Infrastructure Partners to Sell 100% of Hygo Energy Transition Ltd. to New Fortress Energy,https://www.benzinga.com/pressreleases/21/01/g19141839/golar-lng-limited-and-stonepeak-infrastructure-partners-to-sell-100-of-hygo-energy-transition-ltd-,https://j.mp/3qdeZXZ
Benzinga,Golar LNG Limited and Stonepeak Infrastructure Partners to Sell 100% of Hygo Energy Transition Ltd. to New Fortress Energy,https://www.benzinga.com/pressreleases/21/01/tr19141838/golar-lng-limited-and-stonepeak-infrastructure-partners-to-sell-100-of-hygo-energy-transition-ltd,https://j.mp/2Xz9VAX
Benzinga,Dental Equipment Market Worth USD 16.07 Billion at 9.6% CAGR by 2027 Backed by Increasing Spending on Dental Care in North America,https://www.benzinga.com/pressreleases/21/01/g19141837/dental-equipment-market-worth-usd-16-07-billion-at-9-6-cagr-by-2027-backed-by-increasing-spending-,https://j.mp/2XBhgjl
Benzinga,Artist Claudio Fiori Creates Online Store to Reconnect with Customers,https://www.benzinga.com/pressreleases/21/01/n19141840/artist-claudio-fiori-creates-online-store-to-reconnect-with-customers,https://j.mp/2LLvewm
Benzinga,"Middle East and Africa Conveyor System Market Forecast to 2027 - COVID-19 Impact and Regional Analysis by System Type, Belt Type, and Industry",https://www.benzinga.com/pressreleases/21/01/g19141831/middle-east-and-africa-conveyor-system-market-forecast-to-2027-covid-19-impact-and-regional-analys,https://j.mp/3nJ3xBA
Benzinga,Parks Associates: Tech Usage Among Seniors 65+ Skyrockets During COVID-19 Pandemic,https://www.benzinga.com/pressreleases/21/01/n19141828/parks-associates-tech-usage-among-seniors-65-skyrockets-during-covid-19-pandemic,https://j.mp/3bB3XHV
Benzinga,Aurion-B2Gold Joint Venture Exploration Update,https://www.benzinga.com/pressreleases/21/01/n19141826/aurion-b2gold-joint-venture-exploration-update,https://j.mp/3qg1whZ
Benzinga,Outlook on the Worldwide Sanding Pad Industry to 2027 - Metal Fabrication Segment Cornered a 14.9% Share in 2020 - ResearchAndMarkets.com,https://www.benzinga.com/pressreleases/21/01/b19141806/outlook-on-the-worldwide-sanding-pad-industry-to-2027-metal-fabrication-segment-cornered-a-14-9-sh,https://j.mp/39pHv1S
