feed,title,long_url,short_url
SeekingAlpha,Argonaut Gold: Recent Capex Blowout Weighs On Outlook,https://seekingalpha.com/article/4482846,
