feed,title,long_url,short_url
SeekingAlpha,Vivid Seats attracts bull rating from Credit Suisse on post-pandemic setup,https://seekingalpha.com/news/3793479,
SeekingAlpha,Mobilum Technologies announces normal course issuer bid,https://seekingalpha.com/news/3793478,
SeekingAlpha,Integrated Media Technology signs NFT creation agreement with an Asian art gallery,https://seekingalpha.com/news/3793477,
SeekingAlpha,Repay Holdings appoints David Guthrie as Chief Technology Officer,https://seekingalpha.com/news/3793476,
SeekingAlpha,HelloFresh: D-Year For The Stock,https://seekingalpha.com/article/4482926,
