feed,title,long_url,short_url
BeInCrypto,TRX and SHIB Step up Burn Rates Plus the Hideaways (HDWY) Launches Flash Sale,https://beincrypto.com/trx-and-shib-step-up-burn-rates/,https://bit.ly/3z1ebMO
