feed,title,long_url,short_url
FXEmpire,E-mini NASDAQ-100 Index (NQ) Futures Technical Analysis – Reversal Top Signaling Shift in Momentum to Downside,https://www.fxempire.com/forecasts/article/e-mini-nasdaq-100-index-nq-futures-technical-analysis-reversal-top-signaling-shift-in-momentum-to-downside-743180,https://j.mp/3vEX5zI
