feed,title,long_url,short_url
SA,[etor] eToro Group Ltd. Q2 2025 Earnings Preview,https://seekingalpha.com/news/4483274,
SA,[psfe] Paysafe Q2 2025 Earnings Preview,https://seekingalpha.com/news/4483272,
SA,[cwco] Consolidated Water Q2 2025 Earnings Preview,https://seekingalpha.com/news/4483273,
SA,[msgs] Madison Square Garden Q4 2025 Earnings Preview,https://seekingalpha.com/news/4483271,
