feed,title,long_url,short_url
Motley,Should Teladoc Be Worried About the Grand Rounds and Doctors on Demands Merger?,https://www.fool.com/investing/2021/05/07/should-teladoc-be-worried-about-the-grand-rounds-a/?source=iedfolrf0000001,https://j.mp/3tq4aCZ
