feed,title,long_url,short_url
💰Barrons,Ford CEO Says Trump Tariffs Will Damage U.S. Auto Industry,https://barrons.com/articles/ford-stock-trump-tariffs-3a3fbf4c?mod=RTA,https://da.gd/48oUxU
