feed,title,long_url,short_url
BeInCrypto,DODO Price Retraces After 80% Surge: Hold or Sell?,https://beincrypto.com/dodo-price-rally-retraces-after-surge/,https://da.gd/1SZMR
BeInCrypto,New Nvidia Tools Unleash Greater Productivity as Regulators Battle to Keep Up,https://beincrypto.com/new-powerful-nvidia-tools-concern-regulators/,https://da.gd/ufR0fT
