feed,title,long_url,short_url
SeekingAlpha,Royal Dutch Shell: A Climate-Focused Oil Major,https://seekingalpha.com/article/4391883,
