feed,title,long_url,short_url
Investing,"Oil Traders, Pick Your Poison: $70 Or $90 Next For U.S. Crude?",https://investing.com/analysis/-200630284,
Investing,Weekly Inflation Outlook: An Antacid For My Headache,https://investing.com/analysis/-200630297,
Investing,When Will Stock Market Crash End?,https://investing.com/analysis/-200630300,
Investing,A Fund That Profits From The Resilient U.S. Consumer,https://investing.com/analysis/-200630299,
Investing,10 Asset Management Companies With A High Payout Ratio,https://investing.com/analysis/-200630290,
Investing,Gold extends its decline to fresh 29-month lows,https://investing.com/analysis/-200630302,
