feed,title,long_url,short_url
Benzinga,This Is What Whales Are Betting On Antero Resources,https://benzinga.com/markets/options/22/10/29205326/this-is-what-whales-are-betting-on-antero-resources,https://bit.ly/3EvVa8L
Benzinga,What Are Whales Doing With Pioneer Natural Resources,https://benzinga.com/markets/options/22/10/29205318/what-are-whales-doing-with-pioneer-natural-resources,https://bit.ly/3EE0K8O
Benzinga,Morgan Stanley Whale Trades For October 10,https://benzinga.com/markets/options/22/10/29205311/morgan-stanley-whale-trades-for-october-10,https://bit.ly/3CJAZCK
