feed,title,long_url,short_url
🔐MarketWatch,"Key Words: Here’s how you’ll know stock-market lows are finally here, says legendary investor who called ’87 crash",http://www.marketwatch.com/news/story.asp?guid=%7B20C06575-04D4-B545-7135-5FE5F41F1995%7D&siteid=rss&rss=1,https://on.mktw.net/3fVglGS
🔐MarketWatch,The Tell: Here are the 5 times traders and stock-market investors got fooled by Fed ‘pivot’ hopes in past year,http://www.marketwatch.com/news/story.asp?guid=%7B20C06575-04D4-B545-7135-59AE4C9C78ED%7D&siteid=rss&rss=1,https://on.mktw.net/3EvWB79
🔐MarketWatch,The Margin: Texas Pete maker sued for crafting its hot sauce in — gasp — North Carolina,http://www.marketwatch.com/news/story.asp?guid=%7B20C06575-04D4-B545-7135-8A17B886AF79%7D&siteid=rss&rss=1,https://on.mktw.net/3SOQgYt
