feed,title,long_url,short_url
FXEmpire,Gold Prices Eye All-Time High After Fed Signals Rate Cuts Are Coming – What’s Next?,https://www.fxempire.com/forecasts/article/gold-prices-eye-all-time-high-after-fed-signals-rate-cuts-are-coming-whats-next-1392203,https://da.gd/OOeN
