feed,title,long_url,short_url
SeekingAlpha,Roblox: The Kids Are Here To Replace Us,https://seekingalpha.com/article/4654866,
