feed,title,long_url,short_url
SeekingAlpha,Enterprise Products Partners Q1 earnings preview: What to expect?,https://seekingalpha.com/news/3829509,
SeekingAlpha,"Newell Brands notches gain on earnings beat, robust margins",https://seekingalpha.com/news/3829508,
SeekingAlpha,Cowen stock jumps after Q1 earnings top Wall Street expectations,https://seekingalpha.com/news/3829507,
