feed,title,long_url,short_url
🔐MarketWatch,Financial Crime: Mysterious ‘Mr. T’ behind global boiler-room scam found guilty of stealing $2 million from elderly victims,http://www.marketwatch.com/news/story.asp?guid=%7B20C05575-04D4-B545-7C9F-065921E5C3DE%7D&siteid=rss&rss=1,https://on.mktw.net/3MEpsH1
