feed,title,long_url,short_url
Cointelegraph,Donald Trump to get on with Bitcoin reserve ‘in short order’ — Bo Hines,https://cointelegraph.com/news/us-bitcoin-reserve-plans-continue-donald-trump-bo-hines?utm_source=rss_feed&utm_medium=rss&utm_campaign=rss_partner_inbound,
