feed,title,long_url,short_url
BeInCrypto,Did Satoshi Nakamoto’s Bitcoin Wallets Just Move? Here’s What Analysts Say,https://beincrypto.com/satoshi-nakamoto-bitcoin-wallet-transfer-rumors/,
