feed,title,long_url,short_url
Yahoo,Baidu Tops 4Q Estimates Driven By Strong AI Demand; Shares Gain,https://finance.yahoo.com/news/baidu-tops-4q-estimates-driven-093431201.html?.tsrc=rss,https://yhoo.it/3jZVpfO
