feed,title,long_url,short_url
DailyHodl,Legal Expert Jeremy Hogan Says SEC’s Move To Appeal Ruling in Lawsuit Against Ripple a Big Mistake – Here’s Why,https://dailyhodl.com/2024/10/06/legal-expert-jeremy-hogan-says-secs-move-to-appeal-ruling-in-lawsuit-against-ripple-a-big-mistake-heres-why/,https://da.gd/bcQq
