feed,title,long_url,short_url
CryptoDailyUK,5 Cheap Ethereum (ETH) Alternatives Valued Under $10 That Will Turn $500 into $100K By 2025,https://cryptodaily.co.uk/2024/10/5-cheap-ethereum-eth-alternatives-valued-under-10-that-will-turn-500-into-100k-by-2025,https://da.gd/HcMUXQ
