feed,title,long_url,short_url
Bitcoin.com,Newsmax Pushes Into Crypto Reserves With Bold Bitcoin and Trump Coin Strategy,https://news.bitcoin.com/newsmax-pushes-into-crypto-reserves-with-bold-bitcoin-and-trump-coin-strategy/,
