feed,title,long_url,short_url
gNews,Stock market today: Asian shares are mixed as China reports its economy grew 4.7% in last quarter - The Associated Press,https://news.google.com/rss/articles/CBMiVmh0dHBzOi8vYXBuZXdzLmNvbS9hcnRpY2xlL3N0b2Nrcy1tYXJrZXRzLXJhdGVzLWNoaW5hLTM1ZjU3ZjFmZWIxMzExZDFkMGRkNjc4YWQ2ODNhNTJm0gEA?oc=5,https://da.gd/USksMX
