feed,title,long_url,short_url
Motley,Here Is My Top Artificial Intelligence (AI) Stock to Buy Right Now,https://www.fool.com/investing/2024/07/15/heres-my-top-ai-stock-buy-now/?source=iedfolrf0000001,https://da.gd/xb44X8
