feed,title,long_url,short_url
Benzinga,"Electric Vehicle Wiring Harness Market Size to Soar to USD 43.5 Billion by 2034 with a Remarkable 20.3% CAGR| Report by Transparency Market Research, Inc",https://benzinga.com/pressreleases/24/07/g39935024/electric-vehicle-wiring-harness-market-size-to-soar-to-usd-43-5-billion-by-2034-with-a-remarkable-,
