feed,title,long_url,short_url
SeekingAlpha,Southside Bancshares: Earnings Likely To Be Range Bound,https://seekingalpha.com/article/4560716,
