feed,title,long_url,short_url
DailyHodl,Bitcoin Banking Adoption Hits 32% Average as Major Banks and Financial Institutions Integrate,https://dailyhodl.com/2026/07/15/bitcoin-banking-adoption-hits-32-average-as-major-banks-and-financial-institutions-integrate/,
