feed,title,long_url,short_url
Investing,Ukraine brings the war to Moscow as huge blasts shake refinery,https://www.investing.com/news/commodities-news/ukraine-brings-the-war-to-moscow-as-huge-blasts-shake-refinery-4749952,
Investing,Eos Energy stock jumps 9% on Redbird project order,https://www.investing.com/news/stock-market-news/eos-energy-stock-jumps-9-on-redbird-project-order-93CH-4749965,
Investing,Exclusive: National Vision’s CEO on why the market got post-Q1 selloff wrong,https://www.investing.com/news/stock-market-news/exclusive-national-visions-ceo-on-why-the-market-got-postq1-selloff-wrong-4749964,
Investing,"SocGen raises equity allocation, says investors should buy the dip in gold",https://www.investing.com/news/stock-market-news/socgen-raises-equity-allocation-says-investors-should-buy-the-dip-in-gold-4749959,
Investing,Bank of England’s Bailey emphasizes stability amid political uncertainty,https://www.investing.com/news/economy-news/bank-of-englands-bailey-emphasizes-stability-amid-political-uncertainty-93CH-4749966,
