feed,title,long_url,short_url
CryptoDailyUK,"2025 Bitcoin Market Rally: Discover the Best Cloud Mining Apps to Earn Over $1,000 in Daily BTC Income",https://cryptodaily.co.uk/2025/06/2025-bitcoin-market-rally-discover-the-best-cloud-mining-apps-to-earn-over-1000-in-daily-btc-income,https://da.gd/MPORsV
