feed,title,long_url,short_url
SA,[THO] Thor FQ2 2021 Earnings Preview,https://seekingalpha.com/news/3670371,
SA,[DKS] Dick's Sporting Goods Q4 2020 Earnings Preview,https://seekingalpha.com/news/3670368,
