feed,title,long_url,short_url
CryptoNewsFlash,18 Million Gamers Can’t Be Wrong: Yescoin’s Rise on Telegram,https://crypto-news-flash.com/18-million-gamers-cant-be-wrong-yescoins-rise-on-telegram/,
