feed,title,long_url,short_url
Benzinga,"AMC Entertainment, Cintas And These 2 Stocks Insiders Are Selling",https://benzinga.com/news/23/01/30438518/amc-entertainment-cintas-and-these-2-stocks-insiders-are-selling,https://da.gd/jYxu
