feed,title,long_url,short_url
Motley,Should You Buy Pepsi Stock Before April 16?,https://www.fool.com/investing/2026/04/15/should-you-buy-pepsi-stock-before-apr-16/?source=iedfolrf0000001,
Motley,3 Stocks With Monster Potential to Hold Through the Next Decade of Uncertainty,https://www.fool.com/investing/2026/04/15/3-stocks-with-monster-potential-to-hold-through-th/?source=iedfolrf0000001,
Motley,Rigetti Computing Is Skyrocketing Today -- Is the Quantum Stock a Buy Right Now?,https://www.fool.com/investing/2026/04/15/rigetti-computing-is-skyrocketing-today-is-the-qua/?source=iedfolrf0000001,
