feed,title,long_url,short_url
Benzinga,Cryptocurrency Optimism's Price Increased More Than 4% Within 24 hours,https://benzinga.com/markets/cryptocurrency/23/11/35933319/cryptocurrency-optimisms-price-increased-more-than-4-within-24-hours,https://da.gd/Q8dgnQ
Benzinga,Cryptocurrency THORChain Falls More Than 4% In 24 hours,https://benzinga.com/markets/cryptocurrency/23/11/35933313/cryptocurrency-thorchain-falls-more-than-4-in-24-hours,https://da.gd/8L6h
Benzinga,Cryptocurrency Internet Computer's Price Increased More Than 5% Within 24 hours,https://benzinga.com/markets/cryptocurrency/23/11/35933304/cryptocurrency-internet-computers-price-increased-more-than-5-within-24-hours,https://da.gd/iiLVq
