feed,title,long_url,short_url
BeInCrypto,Kevin O’Leary Laments $15M FTX Promo Payday Loss,https://beincrypto.com/kevin-oleary-laments-15m-ftx-promo-payday-loss/,https://da.gd/nZkuR
