feed,title,long_url,short_url
BeInCrypto,Why Quantum Computing Isn’t the Immediate Bitcoin Threat Many Assume,https://beincrypto.com/bitcoin-quantum-computing-risk-manageable-coinshares/,
BeInCrypto,4 US Economic Events That Could Move Bitcoin This Week as Markets Watch the Fed,https://beincrypto.com/bitcoin-inflation-fed-economic-events-week/,
