feed,title,long_url,short_url
SA,[PLTR] Palantir Q3: Earnings Deep Dive After The Election,https://seekingalpha.com/article/4734158,
