feed,title,long_url,short_url
Barron's,Chipotle Reports Earnings Wednesday. What It Means for the Stock.,https://www.barrons.com/articles/chipotle-earnings-are-due-wednesday-what-to-do-with-the-stock-51618916401?mod=RTA,https://j.mp/3elXRuV
