feed,title,long_url,short_url
AmbCrypto,Why is KTA’s price up today? Mapping Keeta’s road to $1.20,https://ambcrypto.com/why-is-ktas-price-up-today-mapping-keetas-road-to-1-20/,
