feed,title,long_url,short_url
AmbCrypto,Nietzschean Penguin jumps 179% after White House post – What now?,https://ambcrypto.com/nietzschean-penguin-jumps-179-after-white-house-post-what-now/,
