feed,title,long_url,short_url
Yahoo,40 States That Don't Tax Social Security Benefits,https://finance.yahoo.com/news/40-states-dont-tax-social-121400512.html,https://da.gd/0kcgV
