feed,title,long_url,short_url
SeekingAlpha,Western Midstream Can Continue Strong Shareholder Returns,https://seekingalpha.com/article/4721504,
