feed,title,long_url,short_url
🔐MarketWatch,Vestis started at overweight with $20 stock price target at J.P. Morgan,http://www.marketwatch.com/tools/quotes/quotes.asp?symb=VSTS&siteid=rss,https://da.gd/kd34Z3
🔐MarketWatch,Allison Transmission upgraded to neutral from underweight at J.P. Morgan,http://www.marketwatch.com/tools/quotes/quotes.asp?symb=ALSN&siteid=rss,https://da.gd/GVl6l
