feed,title,long_url,short_url
Cointelegraph,"Bitcoin whale holding $147M wakes after 13 years, makes tiny $56 transfer",https://cointelegraph.com/news/dormant-bitcoin-wallet-wakes-up-after-13-years,
