feed,title,long_url,short_url
TMF,4 Things to Know From Roblox's IPO Filing,https://www.fool.com/investing/2020/11/21/4-things-to-know-from-robloxs-ipo-filing/?source=iedfolrf0000001,https://j.mp/3kRmZuF
