feed,title,long_url,short_url
SA,"[cetef] Cathedral Energy Services GAAP EPS of C$0.00, revenue of C$0.13M",https://seekingalpha.com/news/3970677,
SA,[prmnf] Prime Mining GAAP EPS of -C$0.05,https://seekingalpha.com/news/3970676,
