feed,title,long_url,short_url
Benzinga,"Remittance Market to Reach $1,329.92 billion, Globally, by 2032 at 5.8% CAGR: Allied Market Research",https://benzinga.com/pressreleases/24/09/g40913736/remittance-market-to-reach-1-329-92-billion-globally-by-2032-at-5-8-cagr-allied-market-research,
