feed,title,long_url,short_url
SeekingAlpha,Angion Biomedica: Selling At Cash Value,https://seekingalpha.com/article/4484874,
SeekingAlpha,The Apple Moment Of Meta Platforms Is Here,https://seekingalpha.com/article/4484873,
