feed,title,long_url,short_url
FXEmpire,"NASDAQ Index, SP500, Dow Jones Analysis – Major Indices Gain Ground As Chip Stocks Rally",https://www.fxempire.com/forecasts/article/nasdaq-index-sp500-dow-jones-analysis-major-indices-gain-ground-as-chip-stocks-rally-1323450,https://da.gd/XjT3bs
