feed,title,long_url,short_url
Bitcoin.com,Is Copper Mirroring Silver’s Explosive Breakout? Veteran Trader Bluntz Reveals Bullish Forecast,https://news.bitcoin.com/is-copper-mirroring-silvers-explosive-breakout-veteran-trader-bluntz-reveals-bullish-forecast/,
