feed,title,long_url,short_url
AmbCrypto,Polygon holds KEY support after 100M POL burn: What’s next?,https://ambcrypto.com/polygon-holds-key-support-after-100m-pol-burn-can-it-reach-0-12/,
