feed,title,long_url,short_url
TheStreet,National Beverage to Declare 1-For-1 Stock Split; Shares Rise,https://www.thestreet.com/investing/national-beverage-to-declare-1-for-1-stock-split,https://j.mp/3jky6x3
