feed,title,long_url,short_url
Investing,Binance holds token collateral and user funds on same wallet by ‘mistake’,https://www.investing.com/news/cryptocurrency-news/binance-holds-token-collateral-and-user-funds-on-same-wallet-by-mistake-2986908,https://da.gd/zN00m
Investing,Dollar Tree taps ex-head of Dollar General as next CEO,https://www.investing.com/news/stock-market-news/dollar-tree-taps-exhead-of-dollar-general-as-next-ceo-432SI-2986906,https://da.gd/C2mPK
Investing,Tesla just slightly raises Model Y price - Electrek,https://www.investing.com/news/stock-market-news/tesla-just-slightly-raises-model-y-price--electrek-432SI-2986909,https://da.gd/hYcKZd
Investing,U.S. card firms' growth to moderate as luxury buying falters,https://www.investing.com/news/stock-market-news/us-card-firms-growth-to-moderate-as-luxury-buying-falters-2986910,https://da.gd/lESstz
Investing,Amazon to face challenges as COVID-fueled growth normalizes,https://www.investing.com/news/stock-market-news/amazon-to-face-challenges-as-covidfueled-growth-normalizes-432SI-2986896,https://da.gd/eFu2P
Investing,Banks demand deep changes to UK's accountability rules -sources,https://www.investing.com/news/stock-market-news/banks-demand-deep-changes-to-uks-accountability-rules-sources-2986895,https://da.gd/gSS1
