feed,title,long_url,short_url
FinboldCrypto,Bitcoin revs up its racing engine after massive breakout – $46k incoming?,https://finbold.com/bitcoin-revs-up-its-racing-engine-after-massive-breakout-46k-incoming/,https://da.gd/h1MYUF
