feed,title,long_url,short_url
Benzinga,"[Latest] Global Trimethylhydroquinone Market Size/Share Worth USD 998.6 Million by 2033 at a 4.7% CAGR: Custom Market Insights (Analysis, Outlook, Leaders, Report, Trends, Forecast, Segmentation, Growth, Growth Rate, Value)",https://benzinga.com/pressreleases/24/10/g41265432/latest-global-trimethylhydroquinone-market-sizeshare-worth-usd-998-6-million-by-2033-at-a-4-7-cagr,
