feed,title,long_url,short_url
CryptoDailyUK,Top 5 Meme Coins to Invest In as Trump Says He Wants the U.S. to Be Number One in Crypto,https://cryptodaily.co.uk/2025/11/top-5-meme-coins-to-invest-in-as-trump-says-he-wants-the-us-to-be-number-one-in-crypto,
