feed,title,long_url,short_url
gNews,Off The Top Rope! Navigating Stock Market Trends and Challenges - Advisor Perspectives,https://news.google.com/rss/articles/CBMicmh0dHBzOi8vd3d3LmFkdmlzb3JwZXJzcGVjdGl2ZXMuY29tL2NvbW1lbnRhcmllcy8yMDI0LzA1LzE3L29mZi10b3Atcm9wZS1uYXZpZ2F0aW5nLXN0b2NrLW1hcmtldC10cmVuZHMtY2hhbGxlbmdlc9IBAA?oc=5,https://da.gd/idOWo
