feed,title,long_url,short_url
CNBC,'Last chance saloon': UK finance minister expected to pledge pre-election tax cuts,https://www.cnbc.com/2024/03/04/last-chance-saloon-uk-finance-minister-expected-to-pledge-pre-election-tax-cuts.html,https://da.gd/k0Ycrt
