feed,title,long_url,short_url
Yahoo,"The Klein Law Firm Reminds Investors of Class Actions on Behalf of Shareholders of TUFN, BIDU and UPLCQ",https://finance.yahoo.com/news/klein-law-firm-reminds-investors-153000258.html?.tsrc=rss,https://j.mp/3mGHOez
