feed,title,long_url,short_url
CryptoNewsFlash,"TRON (TRX) and Shiba Inu Continue To Struggle, While Tradecurve Expected to 100x in 2023",https://crypto-news-flash.com/tron-trx-and-shiba-inu-continue-to-struggle-while-tradecurve-expected-to-100x-in-2023/,
