feed,title,long_url,short_url
Benzinga,"The programmable logic controller (PLC) market was valued at USD 11.21 billion in 2020 and is expected to reach USD 15.58 billion by 2026, at a CAGR of 5.3% over the forecast period (2021 - 2026)",https://benzinga.com/pressreleases/21/04/g20677111/the-programmable-logic-controller-plc-market-was-valued-at-usd-11-21-billion-in-2020-and-is-expect,
