feed,title,long_url,short_url
Motley,Where Should You Invest Right Now? Here's Warren Buffett's Advice,https://www.fool.com/investing/2023/03/06/where-should-you-invest-right-now-heres-warren-buf/?source=iedfolrf0000001,https://da.gd/dOzXOA
