feed,title,long_url,short_url
InvestorPlace,Is a Giant Short Squeeze Underway in Troika (TRKA) Stock?,https://investorplace.com/2023/03/is-a-giant-short-squeeze-underway-in-troika-trka-stock/,https://da.gd/tKrY
InvestorPlace,5 Stocks ChatGPT Says Will Make Me Rich in 20 Years,https://investorplace.com/2023/03/5-growth-stocks-to-buy-according-to-chatgpt/,https://da.gd/00nls
InvestorPlace,Is Broadcom (AVGO) Stock the Best Way to Invest in AI?,https://investorplace.com/2023/03/is-broadcom-avgo-stock-the-best-way-to-invest-in-ai/,https://da.gd/ksZVTz
InvestorPlace,MULN Stock Alert: Mullen Automotive Teams Up With Rapid Response Defense Systems,https://investorplace.com/2023/03/muln-stock-alert-mullen-automotive-teams-up-with-rapid-response-defense-systems/,https://da.gd/KA8Hx
InvestorPlace,5 Investors Betting Big on Azul (AZUL) Stock,https://investorplace.com/2023/03/5-investors-betting-big-on-azul-azul-stock/,https://da.gd/fdgBax
InvestorPlace,Sirius XM Layoffs 2023: What to Know About the Latest SIRI Job Cuts,https://investorplace.com/2023/03/sirius-xm-layoffs-2023-what-to-know-about-the-latest-siri-job-cuts/,https://da.gd/7Hx0SJ
InvestorPlace,Why Are Stocks Up Today?,https://investorplace.com/2023/03/why-are-stocks-up-today-10/,https://da.gd/89sB
