feed,title,long_url,short_url
Cointelegraph,Ledger hardware wallet expands crypto buying options with Uphold’s Topper,https://cointelegraph.com/news/ledger-uphold-topper-fiat-to-crypto?utm_source=rss_feed&utm_medium=rss&utm_campaign=rss_partner_inbound,https://da.gd/b7JK
