feed,title,long_url,short_url
Motley,"It Will Cost You More to Visit a Disney Park, and That's OK",https://www.fool.com/investing/2025/10/08/it-will-cost-you-more-to-visit-a-disney-park-and-t/?source=iedfolrf0000001,
