feed,title,long_url,short_url
Investing,Asia-Pacific Equities Sag On Virus Nerves,https://investing.com/analysis/-200588795,
