feed,title,long_url,short_url
ZeroHedgeRU,And Now Prices Are Really Soaring: June Rent Jump Is Biggest On Record,https://www.zerohedge.com/markets/and-now-prices-are-really-soaring-june-rent-jump-biggest-record,https://j.mp/3y3aMdi
