feed,title,long_url,short_url
🔐MarketWatch,"Hunter Biden, president's son, indicted on 9 tax charges",https://www.marketwatch.com/bulletins/redirect/go?g=%7B853CE916-9DBE-4B36-9288-2D77EAF8C3E2%7D&siteid=bulletrss,https://da.gd/eTSQM3
