feed,title,long_url,short_url
Benzinga,Stellantis Factories Face Job Cuts Due To California's Tough Emission Standards,https://benzinga.com/news/23/12/36148317/stellantis-factories-face-job-cuts-due-to-californias-tough-emission-standards,https://da.gd/kWGuxH
