feed,title,long_url,short_url
SeekingAlpha,Buckle's April net sales fall Y/Y,https://seekingalpha.com/news/4103493,
SeekingAlpha,"Hanesbrands Non-GAAP EPS of -$0.02 beats by $0.06, revenue of $1.16B misses by $10M",https://seekingalpha.com/news/4103491,
SeekingAlpha,Piedmont Lithium misses top-line and bottom-line estimates; reaffirms FY24 outlook,https://seekingalpha.com/news/4103490,
SeekingAlpha,Altimmune GAAP EPS of -$0.34 beats by $0.02,https://seekingalpha.com/news/4103489,
SeekingAlpha,Planet Fitness falls after reeling in full-year guidance,https://seekingalpha.com/news/4103488,
SeekingAlpha,"Cerence Non-GAAP EPS of -$0.09 beats by $0.13, revenue of $67.83M beats by $5.79M",https://seekingalpha.com/news/4103487,
SeekingAlpha,"Endeavour Silver Non-GAAP EPS of $0.00 in-line, revenue of $63.7M beats by $8.85M",https://seekingalpha.com/news/4103486,
