feed,title,long_url,short_url
Cointelegraph,Can you stake Bitcoin (BTC)? Here’s what you need to know,https://cointelegraph.com/news/can-you-stake-bitcoin-btc?utm_source=rss_feed&utm_medium=rss&utm_campaign=rss_partner_inbound,https://da.gd/OTGFT
