feed,title,long_url,short_url
SeekingAlpha,Hot Stocks: DIS sets 52-week low; NVAX plunges; ANGI rises on monthly data; GO sets 52-week high,https://seekingalpha.com/news/3857033,
