feed,title,long_url,short_url
SeekingAlpha,Initial Claims For Unemployment Benefits Suggest Labor Market Recovery Is Faltering,https://seekingalpha.com/article/4362762,
SeekingAlpha,U.S. Economy Posts Record Decline During Lockdowns,https://seekingalpha.com/article/4362761,
