feed,title,long_url,short_url
InsiderMonkey,Nordson (NDSN) 2021 Q2 Financial Results Preview,https://insidermonkey.com/blog/--945053,
InsiderMonkey,Intuit (INTU) 2021 Q3 Earnings Report in Focus,https://insidermonkey.com/blog/--945099,
