feed,title,long_url,short_url
AmbCrypto,Sui crypto recovers from $0.94—can SUI break above $1?,https://ambcrypto.com/sui-crypto-recovers-from-0-94-can-sui-break-above-1/,
AmbCrypto,‘Subject to SEC regulation’ – Senate Democrats push for prediction market oversight,https://ambcrypto.com/subject-to-sec-regulation-senate-democrats-push-for-prediction-market-oversight/,
