feed,title,long_url,short_url
BeInCrypto,Algorand (ALGO) Price Risks 25% Drop Following Bearish Breakout,https://beincrypto.com/algorand-algo-price-risks-25-drop-following-bearish-breakout/,https://bit.ly/3EOaT2S
