feed,title,long_url,short_url
CryptoDailyUK,5 Top Crypto ICOs in October 2024: Which One Holds the Most Promise?,https://cryptodaily.co.uk/2024/10/5-top-crypto-icos-in-october-2024-which-one-holds-the-most-promise,https://da.gd/uzNIV5
