feed,title,long_url,short_url
TheStreet,"Cathie Wood: My Stocks Aren't in a Bubble, but Yours May Be",https://www.thestreet.com/investing/cathie-wood-stocks-bubble,https://j.mp/31kT75C
