feed,title,long_url,short_url
AmbCrypto,"UK, US, Canada launch Operation Atlantic to fight crypto scams: Report",https://ambcrypto.com/uk-us-canada-launch-operation-atlantic-to-fight-crypto-scams-report/,
