feed,title,long_url,short_url
Yahoo,Endo to Present Qwo™ (collagenase clostridium histolyticum-aaes) Data at Vegas Cosmetic Surgery & Aesthetic Dermatology (VCS),https://finance.yahoo.com/news/endo-present-qwo-collagenase-clostridium-110000673.html,https://j.mp/3iUDHsR
