feed,title,long_url,short_url
SA,"[dgx] Quest Diagnostics Non-GAAP EPS of $3.12 beats by $0.30, revenue of $3.04B beats by $70M",https://seekingalpha.com/news/4617248,
