feed,title,long_url,short_url
gNews,Warren Buffett Lost His Touch? 26 ETFs School The Famous Investor - Investor's Business Daily,https://news.google.com/rss/articles/CBMirwFBVV95cUxPZXZUSzhmLUJSTVhvOGJsOHoxazdyc2hSNExWYXNHM3kwRHJBRXhVLVRUeFd2LUU0a0o0ZWdmeHJrX184b0F3RThmYTRESnhVRHBaZDFORTZ5Z0NVRXpCVnJMVE9PM1F0ZjEzNUpOcTdyTC1qcVVFNm1WQlpYd21OMW92XzZ3U1Jpb3hvZS1OeW5MWEp2NERiQVkwSDNNam96eV9hc3ViZ3NWV1FaUTl3?oc=5,https://da.gd/bCSEF
