feed,title,long_url,short_url
Investing,Clean-water nonprofit launches celebrity-funded Bitcoin Water Trust,https://investing.com/news/-2524229,
