feed,title,long_url,short_url
Cointelegraph,Coinbase x402 payments protocol to make AI agents more autonomous,https://cointelegraph.com/news/coinbase-x402-payments-protocol-make-ai-agents-more-autonomous?utm_source=rss_feed&utm_medium=rss&utm_campaign=rss_partner_inbound,https://da.gd/Am24T
