feed,title,long_url,short_url
💰Barrons,Investing Secrets From a Hedge Fund Legend—and 2 Tech Stocks That Fit the Bill,https://barrons.com/articles/tech-investing-nvidia-nintendo-stocks-3cd1760c?mod=RTA,https://da.gd/58fh6s
