feed,title,long_url,short_url
Benzinga,"Shredder Blades Market is Projected to Grow $557 Million, Globally at a 5.3% CAGR by 2028 – Report by MarketsandMarkets™",https://benzinga.com/pressreleases/24/01/g36507284/shredder-blades-market-is-projected-to-grow-557-million-globally-at-a-5-3-cagr-by-2028-report-by-m,
