feed,title,long_url,short_url
SeekingAlpha,Performance Food prices upsized $1B of debt offering,https://seekingalpha.com/news/3714561,
