feed,title,long_url,short_url
Motley,Here's Why Simulations Plus Stock Is Sliding Today,https://www.fool.com/investing/2021/07/13/heres-why-simulations-plus-stock-is-sliding-today/?source=iedfolrf0000001,https://j.mp/3B1vWdU
