feed,title,long_url,short_url
CryptoDailyUK,PinPet Announces Imminent Mainnet Launch for Leveraged DEX on Solana,https://cryptodaily.co.uk/2026/01/pinpet-announces-imminent-mainnet-launch-for-leveraged-dex-on-solana,
