feed,title,long_url,short_url
SA,[SEZL] Top Stocks Averaging 100% Forward EPS Growth To Combat AI Capex Fatigue,https://seekingalpha.com/article/4942248,
