feed,title,long_url,short_url
Investing,Breaking: Tesla sold 75% of Bitcoin holdings in Q2,https://investing.com/news/-2850776,
