feed,title,long_url,short_url
CryptoNewsFlash,"Algorand Enables USDC Bridging From Solana, Ethereum, Base, Sui, and Stellar",https://crypto-news-flash.com/algorand-usdc-bridging-solana-eth-base/,
