feed,title,long_url,short_url
Decrypt,"Ethereum Gaming Tokens Skyrocket: Illuvium, Ronin, and Immutable Up 50% or More",https://decrypt.co/205508/ethereum-gaming-tokens-skyrocket-illuvium-ronin-immutable,https://da.gd/QxDzrm
