feed,title,long_url,short_url
💰Barrons,Apple Once Lagged in AI. That’s Helping the Stock Today.,https://barrons.com/articles/apple-stock-ai-magnificent-7-4014bca2?mod=RTA,https://da.gd/HOl0aF
