feed,title,long_url,short_url
SeekingAlpha,JPMorgan and Goldman retain top two spots in global investment banking table,https://seekingalpha.com/news/3884564,
