feed,title,long_url,short_url
SeekingAlpha,Why The Odds Of A Slump In Semiconductors May Have Gone Up,https://seekingalpha.com/article/4376870,
SeekingAlpha,B2Gold: Buy Now Because Gold Prices Will Go Higher,https://seekingalpha.com/article/4376869,
