feed,title,long_url,short_url
TMF,"Thor's Earnings Rebound, But What's Next for Its Stock?",https://www.fool.com/investing/2020/09/29/thors-earnings-rebound-but-whats-next-for-its-stoc/?source=iedfolrf0000001,https://j.mp/3kRHUOu
