feed,title,long_url,short_url
gNews,Stock market today: Wall Street inches lower in premarket Friday as rate cut-fueled rally fades - Boston 25 News,https://news.google.com/rss/articles/CBMihwFBVV95cUxPc0pqNTlrOTh5SEt0cE1DUVdBWUdxMEM4Vk5aOUMtSFhBZ0pZRnQ0TDc3d2F0aTVTZWFsRmxvRWpkbXh2WlpxYzlCa19HWnp0VHJ1LVl4bGpqQm5nczdFRWxMZ3lhSXh3bGJpTUF5TFkyUl9keTVEZWdnS0QwZ284UHR4a3NSV0nSAZsBQVVfeXFMTW93TkVOVnJCbDRpM09MUm8yVTBNRmpFSjE0Y1doMG1nTzd1RnI1T1JVbmpPVHNkMEZ6WXE0QVZHcHhyb0lZdG82TUZMbHgzazdNQzZONXdXeGdfYVZuV0J6UGRTd3R3OHRaUFNRalJtOW1tM0xXTU1odU4zUkoyMG1Wemt6UHZDZkVzYk55a2RZUjJyZ252dHZBS2s?oc=5,https://da.gd/B8wRP
gNews,Stocks Rise With Earnings Expectations at Record: Markets Wrap - Bloomberg,https://news.google.com/rss/articles/CBMisgFBVV95cUxPd1dUZTJkNGpaclp6V09DWXBfZE56QWpxQjhQb1U2dUJXU1NfNDBtak5pbEhlX3pZS2g5WkQ1aVBWX1MwOGdINS1MWjd4YkRsdk8xaENDQk9naDdma0tZazU1U3JxM1VOODg2Q09wZXRvc0o2SXJQc0YtM3QxdHIxWnFqQnVKeTBfNVVNX21pdjhody13ajdkNEtvNXRkRFY0RTlBMXlzQkZVMUpUQU5iYmFn?oc=5,https://da.gd/5lXhL
gNews,Stock market today: Wall Street wavers a day after setting record highs - Post Register,https://news.google.com/rss/articles/CBMigwJBVV95cUxNSUYwNi1ueFNWSXk2enkycHNNY3NkT2c2aU8tRDViUENzYTFkcHd1MExpeWpVcGhxSzdMNEZaSjlNSkw3MXAteXZJYzlxMEpWcW94SjZvOEZKVDhST0RfZWJua1NMVDFGb1hVMzVMMTd0ZzctVFVJajNrQ05WdjN2MEVMQmRJbDc5NlJfb0FTaDZNTTVCcTVHN0dZSE0zT0RNbjFFYXN4eXJqcmxMQUg1YUg4ZHItWUd3LUJGOExjQXZXNVBjUHVTUkM0RUo3MnZxWmZwckhlcVYzbmVScFNzaXFjNUNjUDJrWVVGNmlKTmt2N3V3OFN0cFlhMW1PVGtsbW9z?oc=5,https://da.gd/1C0u
