feed,title,long_url,short_url
gNews,How I aim for great investment returns in uncertain stock markets - Motley Fool UK,https://www.fool.co.uk/2021/12/20/how-i-aim-for-great-investment-returns-in-uncertain-stock-markets/,https://j.mp/3paiAbv
