feed,title,long_url,short_url
SeekingAlpha,Invesco Golden Dragon China ETF declares quarterly distribution of $0.0816,https://seekingalpha.com/news/3782132,
SeekingAlpha,"Host Hotels & Resorts acquires The Alida, Savannah and disposes of W Hollywood",https://seekingalpha.com/news/3782131,
SeekingAlpha,Invesco DWA Consumer Cyclicals Momentum ETF declares quarterly distribution of $0.1081,https://seekingalpha.com/news/3782130,
SeekingAlpha,Invesco Dynamic Software ETF declares quarterly distribution of $7.7555,https://seekingalpha.com/news/3782129,
SeekingAlpha,Invesco PHLX Semiconductor ETF declares quarterly distribution of $0.1477,https://seekingalpha.com/news/3782128,
SeekingAlpha,Acadia announces resubmission plans for NUPLAZID label expansion,https://seekingalpha.com/news/3782127,
SeekingAlpha,Invesco Nasdaq Biotechnology ETF declares quarterly distribution of $0.1051,https://seekingalpha.com/news/3782126,
SeekingAlpha,Clearfield: Capitalizing On COVID's Currents,https://seekingalpha.com/article/4476111,
