feed,title,long_url,short_url
💰Barrons,Threads App Could Add Billions to Meta’s Revenue,https://barrons.com/articles/meta-stock-price-threads-74514f8e?mod=RTA,https://da.gd/6lVBp
