feed,title,long_url,short_url
SA,"[pola] Polar Power GAAP EPS of -$0.50, revenue of $1.7M",https://seekingalpha.com/news/4449636,
SA,"[cenn] Cenntro Electric Group GAAP EPS of $0.18, revenue of $2.1M",https://seekingalpha.com/news/4449635,
SA,[cbat] CBAK Energy Technology Q1 Earnings Preview,https://seekingalpha.com/news/4449634,
