feed,title,long_url,short_url
Cointelegraph,Bitcoin ‘could very well catch fire’ as next generation of investors mature,https://cointelegraph.com/news/bitcoin-could-very-well-catch-fire-next-generation-investors-mature?utm_source=rss_feed&utm_medium=rss&utm_campaign=rss_partner_inbound,https://da.gd/lrQi5a
