feed,title,long_url,short_url
SeekingAlpha,Peabody Energy 10% owner Elliott Investment Management discloses sale of 720K shares,https://seekingalpha.com/news/4045122,
