feed,title,long_url,short_url
Motley,Missed Out on the FAANG Stocks? Consider Buying These PfANG Stocks Instead,https://www.fool.com/investing/2021/08/01/missed-out-on-the-faang-stocks-consider-buying-the/?source=iedfolrf0000001,https://j.mp/3iglKXJ
Motley,"5 Stocks That Can Turn $50,000 Into $1 Million by 2040",https://www.fool.com/investing/2021/08/01/5-stocks-can-turn-50000-into-1-million-by-2040/?source=iedfolrf0000001,https://j.mp/3fgMqFO
