feed,title,long_url,short_url
CryptoDailyUK,"From Presale to Premiere: BlockDAG's Upcoming Keynote 3 Builds Anticipation, as Chainlink & Avalanche Navigate Shifting Tides",https://cryptodaily.co.uk/2025/02/from-presale-to-premiere-blockdags-upcoming-keynote-3-builds-anticipation-as-chainlink-avalanche-navigate-shifting-tides,https://da.gd/Pjxe0T
