feed,title,long_url,short_url
Benzinga,Global Aqua Gym Equipment Market Report 2023: Sector is Expected to Reach $846.35 Million by 2030 at a CAGR of 4.6%,https://benzinga.com/pressreleases/23/04/n31977638/global-aqua-gym-equipment-market-report-2023-sector-is-expected-to-reach-846-35-million-by-2030-at,
