feed,title,long_url,short_url
r/wallstreetbets:50+,[DD] Bull case for weed stocks $tlry,https://redd.it/qpinc0,
