feed,title,long_url,short_url
SeekingAlpha,Tesla starting next phase of bull run despite Elon Musk's 'bizarro' Twitter poll - Wedbush analyst,https://seekingalpha.com/news/3767142,
