feed,title,long_url,short_url
BeInCrypto,"BitMine’s Tom Lee Explains the Gold, Silver, and Bitcoin Cycle | US Crypto News",https://beincrypto.com/tom-lee-metals-and-bitcoin-us-crypto-news/,
