feed,title,long_url,short_url
Cointelegraph,DATs become corporate crypto’s standard while Stablecoins take over payments in 2025,https://cointelegraph.com/news/dats-become-corporate-crypto-s-standard-while-stablecoins-take-over-payments-in-2025,
Cointelegraph,XRP price: Record quarterly close may trigger rally toward $15,https://cointelegraph.com/news/xrp-price-record-quarterly-close-may-trigger-price-rally-15-dollars,
