feed,title,long_url,short_url
Benzinga,Surgical Retractors Market Size Worth USD 3.06 Billion by 2030 at 6.10% CAGR – Report by Market Research Future (MRFR),https://benzinga.com/pressreleases/22/10/g29140594/surgical-retractors-market-size-worth-usd-3-06-billion-by-2030-at-6-10-cagr-report-by-market-resea,
Benzinga,Global Organic Fertilizers Market to Reach $19.88 Billion by 2029 at a CAGR of 12.1%,https://benzinga.com/pressreleases/22/10/n29140600/global-organic-fertilizers-market-to-reach-19-88-billion-by-2029-at-a-cagr-of-12-1,
Benzinga,"The Global Analytical Standards Market is expected to grow by $645.49 mn during 2022-2026, decelerating at a CAGR of 6.3% during the forecast period",https://benzinga.com/pressreleases/22/10/g29140581/the-global-analytical-standards-market-is-expected-to-grow-by-645-49-mn-during-2022-2026-decelerat,
