feed,title,long_url,short_url
gNews,Stock market outlook: S&P 500 has 7% upside as risk-on sentiment grows - Business Insider,https://markets.businessinsider.com/news/stocks/stock-market-outlook-sp500-4800-upside-risk-on-sentiment-fundstrat-2021-10,https://j.mp/3pl6XPm
