feed,title,long_url,short_url
FXEmpire,Natural Gas Price Prediction – Prices Rise Ahead of Inventory Report,https://www.fxempire.com/forecasts/article/natural-gas-price-prediction-prices-rise-ahead-of-inventory-report-9-790518,https://j.mp/3n9UbR7
