feed,title,long_url,short_url
Motley,Better Dividend Growth Stock: Texas Instruments vs. Microchip Technology,https://www.fool.com/investing/2023/02/12/better-dividend-stock-texas-instruments-microchip/?source=iedfolrf0000001,https://da.gd/7HLp
