feed,title,long_url,short_url
Coinfomania,Smart Trader Grabs 400% Profit in DOGS Trade Amid Listing Hype,https://coinfomania.com/smart-trader-grabs-400-profit-in-dogs-trade-amid-listing-hype/,https://da.gd/USRJE
