feed,title,long_url,short_url
Investing,Senators join chorus of disapproval of ‘backdoor regulation’ in SEC staff accounting bulletin,https://investing.com/news/-2838462,
