feed,title,long_url,short_url
Investing,Does ‘token shock’ hurt AI adoption?,https://www.investing.com/news/economy-news/does-token-shock-hurt-ai-adoption-4799516,
