feed,title,long_url,short_url
Yahoo,"Tesla Stock Today: Cybertruck Crash, Fisker Deliveries, and Reading the Chart",https://finance.yahoo.com/m/6050ffae-c712-3fb1-ac9c-bd5d647a260b/tesla-stock-today%3A-cybertruck.html?.tsrc=rss,https://da.gd/ZYAVm
