feed,title,long_url,short_url
Investing,Liquidity is King - RPI Orders Accounted for Over 50% by Late March on Bybit: Block Scholes Report,https://www.investing.com/news/cryptocurrency-news/liquidity-is-king--rpi-orders-accounted-for-over-50-by-late-march-on-bybit-block-scholes-report-3976903,https://da.gd/Zt5UJ1
Investing,Verizon says Google AI for customer service agents has led to sales jump,https://www.investing.com/news/stock-market-news/verizon-says-google-ai-for-customer-service-agents-has-led-to-sales-jump-3976363,https://da.gd/WmGWE
Investing,Iraq and U.S sign memorandum for power plant projects,https://www.investing.com/news/stock-market-news/iraq-and-us-sign-memorandum-for-power-plant-projects-93CH-3976920,https://da.gd/BMU7
Investing,Swiss and U.S. presidents discuss trade over phone call,https://www.investing.com/news/stock-market-news/swiss-and-us-presidents-discuss-trade-over-phone-call-93CH-3976915,https://da.gd/PIAnin
Investing,Mexico to launch tenders for six power plants this year,https://www.investing.com/news/stock-market-news/mexico-to-launch-tenders-for-six-power-plants-this-year-93CH-3976900,https://da.gd/ooez0
Investing,Aramco uncovers 14 oil and gas fields in Saudi Arabia's Eastern Region,https://www.investing.com/news/stock-market-news/aramco-uncovers-14-oil-and-gas-fields-in-saudi-arabias-eastern-region-93CH-3976891,https://da.gd/PbPcWB
Investing,"Evercore starts Visa, Mastercard, PayPal at In Line rating amid macro risks",https://www.investing.com/news/stock-market-news/evercore-starts-visa-mastercard-paypal-at-in-line-rating-amid-macro-risks-3976878,https://da.gd/y8kP
Investing,"Wholesale inventories align with forecasts, showing stable growth",https://www.investing.com/news/economic-indicators/wholesale-inventories-align-with-forecasts-showing-stable-growth-93CH-3976935,https://da.gd/ouU80
Investing,Mexico annual inflation accelerates in March,https://www.investing.com/news/economy-news/mexico-annual-inflation-accelerates-in-march-3976874,https://da.gd/hri9Cx
