feed,title,long_url,short_url
SeekingAlpha,Mindset Value Wellness Fund Q2 2023 Investor Letter,https://seekingalpha.com/article/4618995,
