feed,title,long_url,short_url
Investing,3 Stocks Building the Future of Agentic AI Payments,https://www.investing.com/analysis/3-stocks-building-the-future-of-agentic-ai-payments-200682879,
Investing,Poland stocks lower at close of trade; WIG30 down 0.65%,https://www.investing.com/news/stock-market-news/poland-stocks-lower-at-close-of-trade-wig30-down-065-4763132,
Investing,"Epsilon Energy stock rises after CEO buys $265,177 in shares",https://www.investing.com/news/stock-market-news/epsilon-energy-stock-rises-after-ceo-buys-265177-in-shares-93CH-4763122,
Investing,Flutter Entertainment stock jumps as Ken Dart adds $35M stake,https://www.investing.com/news/stock-market-news/flutter-entertainment-stock-jumps-as-ken-dart-adds-35m-stake-93CH-4763118,
Investing,Turkey stocks higher at close of trade; BIST 100 up 0.10%,https://www.investing.com/news/stock-market-news/turkey-stocks-higher-at-close-of-trade-bist-100-up-010-4763114,
Investing,Denmark stocks lower at close of trade; OMX Copenhagen 20 down 0.30%,https://www.investing.com/news/stock-market-news/denmark-stocks-lower-at-close-of-trade-omx-copenhagen-20-down-030-4763112,
