feed,title,long_url,short_url
Motley,73% of Americans Are Buying Into a Dangerous Social Security Myth,https://www.fool.com/investing/2022/01/04/americans-believe-dangerous-social-security-myth/?source=iedfolrf0000001,https://j.mp/3eQSiFb
