feed,title,long_url,short_url
CoinDesk,Spot Bitcoin ETFs Could See Approvals in 2023: Bloomberg Intelligence,https://www.coindesk.com/policy/2022/03/24/spot-bitcoin-etfs-could-see-approvals-in-2023-bloomberg-intelligence/?utm_medium=referral&utm_source=rss&utm_campaign=headlines,https://bit.ly/3D7Xq30
