feed,title,long_url,short_url
Benzinga,How Alternative Recycling Models Like The One Offered By Aqua Metals (NASDAQ: AQMS) Could Be Key To The Shift To EVs And Sustainable Transportation,https://benzinga.com/markets/penny-stocks/24/02/36931030/how-alternative-recycling-models-like-the-one-offered-by-aqua-metals-nasdaq-aqms-could-be-ke,https://da.gd/gD1frU
