feed,title,long_url,short_url
Reuters,Bank demand for Treasuries in focus after Fed ends regulatory break,https://reuters.com/article/idUSL1N2LH1JN,
Reuters,IMF economist sees only 'transitory' bump in inflation from U.S. stimulus,https://reuters.com/article/idUSL1N2LH1O7,
