feed,title,long_url,short_url
SeekingAlpha,U.S. IPO Weekly Recap: DevOps Platform GitLab Leads A 7 IPO Week,https://seekingalpha.com/article/4460166,
