feed,title,long_url,short_url
SeekingAlpha,"MSA Safety Non-GAAP EPS of $2.06 beats by $0.19, revenue of $495M beats by $27.48M",https://seekingalpha.com/news/4067193,
SeekingAlpha,"ETNB, IHRT and AGYS are among after hour movers",https://seekingalpha.com/news/4067192,
SeekingAlpha,"Forward Industries GAAP EPS of -$0.04, revenue of $7.2M",https://seekingalpha.com/news/4067191,
SeekingAlpha,"Occidental Petroleum in charts: Q4 oil and gas net sales fall 14% Y/Y, oil prices dip at slower pace",https://seekingalpha.com/news/4067071,
SeekingAlpha,"Franklin BSP Realty Trust Non-GAAP EPS of $1.92 in-line, revenue of $263.95M misses by $4.09M",https://seekingalpha.com/news/4067190,
SeekingAlpha,Cisco in charts: Product revenue dips 9% Y/Y; services revenue climbs 4%,https://seekingalpha.com/news/4067187,
SeekingAlpha,Solo Brands: I'm Expecting Further Financial Turbulence In 2024,https://seekingalpha.com/article/4670281,
SeekingAlpha,Should We Trust Economic Data? With Danielle DiMartino Booth,https://seekingalpha.com/article/4670303,
