feed,title,long_url,short_url
SeekingAlpha,The Market Awaits The Employment Report (Technically Speaking For July 1),https://seekingalpha.com/article/4356638,
