feed,title,long_url,short_url
Benzinga,"As Elon Musk Blasts Apple's Partnership With ChatGPT-Parent OpenAI, Analysts Say There's Definitely 'An Unanswered Question'",https://benzinga.com/news/24/06/39264633/as-elon-musk-blasts-apples-partnership-with-chatgpt-parent-openai-analysts-say-theres-definitely-an,https://da.gd/EOf7k
