feed,title,long_url,short_url
Coinfomania,Memecoins on the Rise: BONK Gains 15% in 24 Hours As Surge Enters Day 6,https://coinfomania.com/memecoins-on-the-rise-bonk-gains-15-in-24-hours-as-surge-enters-day-6/?utm_source=rss&utm_medium=rss&utm_campaign=memecoins-on-the-rise-bonk-gains-15-in-24-hours-as-surge-enters-day-6,https://da.gd/lZhnU
