feed,title,long_url,short_url
CryptoSlate,Polymarket token launch rumors stoked by SEC filing hinting at token rights,https://cryptoslate.com/polymarket-token-launch-rumors-stoked-by-sec-filing-hinting-at-token-rights/,
