feed,title,long_url,short_url
Motley,Here's Why Palantir May Be a Multimillionaire-Maker,https://www.fool.com/investing/2025/12/04/heres-why-palantir-may-be-a-multimillionaire-maker/?source=iedfolrf0000001,
Motley,"""Big Short"" Investor Michael Burry Thinks Tesla Stock Is Overvalued. Is He Right?",https://www.fool.com/investing/2025/12/04/big-short-investor-michael-burry-thinks-tesla-stoc/?source=iedfolrf0000001,
Motley,5 Energy Stocks That Could Benefit From the Genesis Mission,https://www.fool.com/investing/2025/12/04/5-energy-stocks-that-could-benefit-from-the-genesi/?source=iedfolrf0000001,
Motley,Should Investors Buy AMD Stock Instead of Nvidia Stock for 2026?,https://www.fool.com/investing/2025/12/04/should-investors-buy-amd-stock-instead-of-nvidia-s/?source=iedfolrf0000001,
Motley,1 Must-Own Artificial Intelligence Stock for the Next Decade,https://www.fool.com/investing/2025/12/04/1-must-own-artificial-intelligence-stock-for-the-n/?source=iedfolrf0000001,
Motley,Is Coinbase Stock a Buying Opportunity for 2026 and Beyond?,https://www.fool.com/investing/2025/12/04/is-coinbase-stock-a-buying-opportunity-for-2026-an/?source=iedfolrf0000001,
