feed,title,long_url,short_url
💰Barrons,The New Retirement Law Lets You Delay RMDs. That Doesn't Mean You Should.,https://barrons.com/articles/delay-rmd-secure-2-0-51673636280?mod=RTA,https://da.gd/dv4YKv
