feed,title,long_url,short_url
SeekingAlpha,Furukawa Battery: Not A Special Situations Investment,https://seekingalpha.com/article/4570033,
SeekingAlpha,CPI: Saved By Falling Energy Prices,https://seekingalpha.com/article/4570032,
