feed,title,long_url,short_url
CryptoNewsFlash,Synthetix ($SNX) vs. Borroe.Finance ($ROE) vs. Render ($RNDR) In September 2023,https://crypto-news-flash.com/synthetix-snx-vs-borroe-finance-roe-vs-render-rndr-in-september-2023/,
