feed,title,long_url,short_url
Yahoo,Bitcoin Little Changed Amid Uncertainty in Release of Grayscale Shares,https://finance.yahoo.com/news/bitcoin-little-changed-amid-uncertainty-081043439.html?.tsrc=rss,https://yhoo.it/3xKzQ92
