feed,title,long_url,short_url
Yahoo,Crypto Derivatives Exchange Bybit Expands Into Spot Trading,https://finance.yahoo.com/news/crypto-derivatives-exchange-bybit-expands-060006479.html?.tsrc=rss,https://yhoo.it/2Ti7oww
