feed,title,long_url,short_url
Benzinga,"Robert Reich Believes Evidence Of Corporate Concentration Is Everywhere: Elon Musk Says, 'Agreed, Reduced Competition Is Not Good…'",https://benzinga.com/news/22/12/30233880/robert-reich-believes-evidence-of-corporate-concentration-is-everywhere-elon-musk-says-agreed-reduce,https://da.gd/5nHPpr
