feed,title,long_url,short_url
💰Barrons,Constellation Brands Stock Jumps on Signs of Rebounding Beer Sales to Hispanics,https://barrons.com/articles/constellation-brands-beer-hispanics-stock-a106798a?mod=RTA,
