feed,title,long_url,short_url
gNews,Stock market today: Wall Street ticks slightly higher ahead of Fed call on interest rates - Bowling Green Daily News,https://news.google.com/rss/articles/CBMitAFodHRwczovL3d3dy5iZ2RhaWx5bmV3cy5jb20vbmV3cy9uYXRpb25hbC9zdG9jay1tYXJrZXQtdG9kYXktd2FsbC1zdHJlZXQtdGlja3Mtc2xpZ2h0bHktaGlnaGVyLWFoZWFkLW9mLWZlZC1jYWxsLW9uLWludGVyZXN0LXJhdGVzL2FydGljbGVfMjY4NmViN2YtMDBiOC01Y2NiLWJkYmQtMWVlMjU0NmRhYjdjLmh0bWzSAQA?oc=5,https://da.gd/yDQBm
