feed,title,long_url,short_url
🔐MarketWatch,"Private-equity firms build up record $2.59 trillion in ‘dry powder,’ or capital on the sidelines",http://www.marketwatch.com/news/story.asp?guid=%7B20C06575-04D4-B545-72AE-5BCAB5A50AAC%7D&siteid=rss&rss=1,https://da.gd/37v61
🔐MarketWatch,U.S. stocks have notched their best between-Fed-meetings performance since 2009,https://www.marketwatch.com/bulletins/redirect/go?g=%7BC78635D3-EC2B-4705-96DC-5977AE7FC8F0%7D&siteid=bulletrss,https://da.gd/bmCS
🔐MarketWatch,Fed interest-rate decision at 2 p.m. to be followed by Powell press conference,https://www.marketwatch.com/bulletins/redirect/go?g=%7B76473C53-0EA3-45DA-9602-900E17FDAFEF%7D&siteid=bulletrss,https://da.gd/PI01Vc
