feed,title,long_url,short_url
gNews,3 Asian Dividend Stocks Yielding Up To 5.7% - Yahoo Finance,https://news.google.com/rss/articles/CBMihAFBVV95cUxNcFFBdWJsV2tmNFRyZU1JeHg5R3I4cm5ELS03ZGlmeGVNN2RHbFQxRzlGS2pOSWc4Zkt3UFBjZ184eHRDd3dGMk5WbmNraUFsS1VZa0ZBR280d01WY1pUOFJhQmV3czdhci1fOHg3aTJia3dMNDI4U09zTWd2OUNJUERneEM?oc=5,
gNews,Top Asian Tech Stocks With High Growth Potential - Yahoo Finance,https://news.google.com/rss/articles/CBMifEFVX3lxTE5FYThlaVVkcDdNUENZQjVRcUlmejJVV1dmY1NrdVFXM2VKTnRYWlRXb3ktS0VtUmdHdHZjTTBJMFBRdGdTejFTb3NWMWZ6N3NKS21KMmRXWHlZQmNxOGxLZXR6TXVWSE5LQWwwYk9qeUo5Unl1X1cyOWU3MFA?oc=5,
gNews,Asian Stocks Possibly Trading Below Their Intrinsic Value Estimates In August 2025 - Yahoo Finance,https://news.google.com/rss/articles/CBMiiAFBVV95cUxOdWJnZVBKY0ptRWVGQWFaM2ZNbWIyTEZyczN2MTdBMXduY1Z4WDBUMF8tdTFWTWVuSXR3TVlPMDc2VW9XRFZ6Uk96d1RWdS1rT1ljVzVQSlpETmZTcXhHSkM1SngyVkM3VnVkOXlHQ0NiNjU1MW5sU3RGaDlobThmUlpNLVloS0Yw?oc=5,
gNews,Why Advanced Micro Devices Stock Crumbled on Tuesday - Yahoo Finance,https://news.google.com/rss/articles/CBMihAFBVV95cUxPcFNJb2ttZzlZcEpEVlVJaDVfVXV2UnMxZ3htbTdOSnNMa0N1NFRwZlVOeEJpMVg2VTYycFU5QTFkWGtWYlNzUDEtZnp0RU1OeTlUakRVUzZPR3VIbTdoSEFjQ1RuMVVKamJZb2ljQlRTUFpiZTBtTHd3dkQtb1N6Mldqcm4?oc=5,
