feed,title,long_url,short_url
InsiderMonkey,5 Best Dividend Stocks To Buy and Hold,https://insidermonkey.com/blog/--1141658,
InsiderMonkey,Will Apple (AAPL) be Able to Bounce Back?,https://insidermonkey.com/blog/--1141904,
InsiderMonkey,10 Best Car Stocks To Buy Now,https://insidermonkey.com/blog/--1141834,
InsiderMonkey,5 Best Car Stocks To Buy Now,https://insidermonkey.com/blog/--1141835,
InsiderMonkey,Alibaba Group Holding Limited (BABA) Benefitted from China’s Reopening,https://insidermonkey.com/blog/--1141902,
InsiderMonkey,Oil Price Collapse Impacted Cenovus Energy (CVE) in Q1,https://insidermonkey.com/blog/--1141893,
