feed,title,long_url,short_url
Investing,OVHcloud founder Klaba returns as CEO amid 1 billion euros revenue milestone,https://www.investing.com/news/stock-market-news/ovhcloud-founder-klaba-returns-as-ceo-amid-1-billion-euros-revenue-milestone-4298190,
Investing,Sanae Takaichi wins key vote to become Japan’s first female prime minister,https://www.investing.com/news/economy/sanae-takaichi-wins-key-vote-to-become-japans-first-female-prime-minister-4298191,
Investing,BOJ’s Himino urges regulators to adapt to new financial realities,https://www.investing.com/news/economy-news/bojs-himino-urges-regulators-to-adapt-to-new-financial-realities-4298189,
