feed,title,long_url,short_url
SeekingAlpha,"Dow could hit 100K, S&P could reach 15K in 10 years - Main Street Research",https://seekingalpha.com/news/4053562,
