feed,title,long_url,short_url
Motley,3 Things About Alibaba That Smart Investors Know,https://www.fool.com/investing/2021/12/13/3-things-about-alibaba-that-smart-investors-know/?source=iedfolrf0000001,https://j.mp/3ym2cHN
Motley,Should You Buy Shiba Inu While It's Below $1?,https://www.fool.com/investing/2021/12/13/should-you-buy-shiba-inu-while-below-a-dollar/?source=iedfolrf0000001,https://j.mp/3pYqVOW
