feed,title,long_url,short_url
Motley,Where Will CrowdStrike Stock Be in 5 Years?,https://www.fool.com/investing/2024/10/26/where-will-crowdstrike-stock-be-in-5-years/?source=iedfolrf0000001,https://da.gd/zNzssh
