feed,title,long_url,short_url
FXEmpire,"After Polygon Collaboration, Looking Glass Labs Establishs Itself as a Leading Metaverse Company",https://www.fxempire.com/forecasts/article/after-polygon-collaboration-looking-glass-labs-establishs-itself-as-a-leading-metaverse-company-932786,https://bit.ly/3CDDpRO
