feed,title,long_url,short_url
SeekingAlpha,Atlantic Lithium Limited reports results,https://seekingalpha.com/news/3819393,
SeekingAlpha,Best Buy falls after data reports indicates weak foot traffic,https://seekingalpha.com/news/3819392,
