feed,title,long_url,short_url
Motley,"1 Unstoppable Stock That Could Join Microsoft, Apple, Nvidia, Alphabet, Amazon, and Meta in the $1 Trillion Club",https://www.fool.com/investing/2024/03/26/1-unstoppable-stock-that-could-join-microsoft-appl/?source=iedfolrf0000001,https://da.gd/6VjOT
Motley,Aehr Stock Plunges 22% on Weak Preliminary Fiscal Q3 Results and Annual Guidance Cut,https://www.fool.com/investing/2024/03/26/aehr-stock-earnings-guidance-cut-ev-stocks/?source=iedfolrf0000001,https://da.gd/glT4
