feed,title,long_url,short_url
Motley,"3 Artificial Intelligence (AI) Stocks to Buy With $3,000 and Hold Forever",https://www.fool.com/investing/2024/03/26/3-artificial-intelligence-ai-stocks-to-buy-with-30/?source=iedfolrf0000001,https://da.gd/0pA8M
