feed,title,long_url,short_url
Investing,Dollar largely flat; U.S. CPI in focus after Powell fails to provide lead,https://www.investing.com/news/forex-news/dollar-largely-flat-us-cpi-in-focus-after-powell-fails-to-provide-lead-2977837,https://da.gd/nrlBva
Investing,Kremlin says it hasn't seen cases of oil price caps,https://www.investing.com/news/commodities-news/kremlin-says-it-hasnt-seen-cases-of-oil-price-caps-2977889,https://da.gd/vGCllL
Investing,Chevron restarts production at Wheatstone gas plant,https://www.investing.com/news/stock-market-news/chevron-restarts-production-at-wheatstone-gas-plant-2977900,https://da.gd/wLvmx
Investing,JD Sports rises after group sees FY pre-tax profit at top end of estimates,https://www.investing.com/news/stock-market-news/jd-sports-rises-after-group-sees-fy-pretax-profit-at-top-end-of-estimates-2977898,https://da.gd/5Gh6u
Investing,Column-Is Brazil another BRIC in the wall? :Mike Dolan,https://www.investing.com/news/economy/columnis-brazil-another-bric-in-the-wall-mike-dolan-2977895,https://da.gd/47yfn
