feed,title,long_url,short_url
Coinfomania,Cathie Wood to Explore the Future of Venture Capital and Disruptive Tech at Greenwich Economic Forum in London,https://coinfomania.com/cathie-wood-to-explore-the-future-of-venture-capital-and-disruptive-tech-at-greenwich-economic-forum-in-london/,https://da.gd/uu8cE
