feed,title,long_url,short_url
SeekingAlpha,Presto names Kat Hoffman-Flynt chief operating officer,https://seekingalpha.com/news/4042215,
SeekingAlpha,Tesla Cybertruck Event Flops,https://seekingalpha.com/article/4655390,
