feed,title,long_url,short_url
SeekingAlpha,"ETO: Limited International Diversification, But The Fund Is Not That Bad",https://seekingalpha.com/article/4655427,
