feed,title,long_url,short_url
Investing,Crypto Companies Seek To Overcome The Crisis By Investing In Sports Sponsorships,https://investing.com/news/-2885797,
Investing,Terror groups may turn to NFTs to raise funds and spread messages — WSJ,https://investing.com/news/-2885795,
