feed,title,long_url,short_url
SA,[wwr] Westwater Resources GAAP EPS of -$0.05,https://seekingalpha.com/news/4485219,
