feed,title,long_url,short_url
Investing,Tesla will remove more vehicle sensors amid Autopilot scrutiny,https://investing.com/news/-2905174,
