feed,title,long_url,short_url
Motley,3 Reasons Perion Network Is Poised to Outperform Again in 2022,https://www.fool.com/investing/2022/02/14/3-reasons-perion-network-is-poised-to-outperform-a/?source=iedfolrf0000001,https://bit.ly/3oN3I2f
