feed,title,long_url,short_url
gNews,"Moderna: share price down, a broker's analysis - Marketscreener.com",https://news.google.com/rss/articles/CBMiwAFBVV95cUxQQXQ0cmdScEJ3TWwySTFycVhHZzlSalRILWxndTZkcmFVaHBfWHNKV2pZakZMNFFvRHVJMkRfWjNpRFIwZ2xVVXNBcm1pUFFTN1YzdHpXR2VNc3hUMzZRa1NUcENEOGtXREhvWEJXd3lHcXNBc1JGVE9velBMZlItNlhfRTRMdEprV0Q4SEZXeEN3RUM0VFJxT1QwNV94UjhLN29YNV9DSFVuc2tPckFLM01YaHk3b1h6cDJXSHhvb08?oc=5,https://da.gd/qtJPPz
