feed,title,long_url,short_url
Investing,OPEC+ Moves Technical Meetings for Time to Review Market Rout,https://investing.com/news/-2692107,
