feed,title,long_url,short_url
SeekingAlpha,TG Therapeutics: Pressure On Briumvi To Perform As Share Price Hits Resistance,https://seekingalpha.com/article/4707904,
SeekingAlpha,Is CLO Outperformance Set To Continue?,https://seekingalpha.com/article/4707903,
