feed,title,long_url,short_url
Motley,Is JPMorgan Chase Stock a Buy?,https://www.fool.com/investing/2024/07/30/is-jpmorgan-chase-stock-a-buy/?source=iedfolrf0000001,https://da.gd/FY5Lw
