feed,title,long_url,short_url
gNews,"Nvidia Stock Finds Support, But Can It Overcome Sell Signal? - Investor's Business Daily",https://www.investors.com/research/nvidia-stock-finds-support-but-can-it-overcome-this-sell-signal/,https://j.mp/3zvkeX7
