feed,title,long_url,short_url
ZeroHedgeRU,Record-High Global Food Prices Imminent As Edible Oil Soars,https://www.zerohedge.com/commodities/record-high-global-food-prices-could-be-imminent-edible-oil-soars,https://bit.ly/3BNdXJ1
