feed,title,long_url,short_url
gNews,goeasy stock falls after short report alleges accounting manipulation - Yahoo Finance,https://news.google.com/rss/articles/CBMigwFBVV95cUxPY2FLT3BianA0Z01veW9BYnNUWXdQYkxkTzFCbFJHZk0zX2g1azZNM1dPTmVyVWlIcnFVOE5wSkg5Y2k4MFJxZ1Z4R3JkUk9NTWwyTlMxeHNnMU5DeXBTdWlTeHl4dlBmQ3FQaDhyN2twOFpnZmZhV0xPOFlTTHBaaTJuWQ?oc=5,
gNews,"Best Stocks: A look at our energy stocks, including an A+ name - CNBC",https://news.google.com/rss/articles/CBMinAFBVV95cUxOMDE0WFVUZVpzYUlqS1RKYmF0djljWlN5ckxqMDhLMC1wTnFheEhoM1EzOVQzck5OYjVSTVh1UW1yX01XaWR4ZkRQaDBGYnlPLTRJbXpWb2NTcGN2d1d4U3ZWYmhEWnN2VjZQVVFJd3JjcDRUQ1hxZWNQeXlEUmx3aVJ5NUpXcmJOdE1xeHpSQWZKZy1BRGQtTXZ6c3c?oc=5,
gNews,Altria Delivers 7.2% EPS Growth in 1H25 Despite Sales Headwinds - Yahoo Finance,https://news.google.com/rss/articles/CBMieEFVX3lxTE80c0VxLXhjSmlBNlZsbFdYYjhkNVd0UWRkVUs1Z2ZOZ0JtRnFweENKTndpQVNtR0p4Tjd6SGREcVNpN2laNzROaFB4OExQNTl1Z2VvWDYtdW9HMU5sMjFHUHVyRDFMMnFDVDgzWnp1TlJlOFowc3RFNQ?oc=5,
