feed,title,long_url,short_url
SA,Ralph Lauren FQ1 2022 Earnings Preview,https://seekingalpha.com/news/3723148,
