feed,title,long_url,short_url
Yahoo,U.S Dollar Bulls Run Out Of Steam As They Await Payrolls Report,https://finance.yahoo.com/news/u-dollar-bulls-run-steam-073409288.html?.tsrc=rss,https://yhoo.it/3yobtP3
