feed,title,long_url,short_url
TheStreet,"Jim Cramer: What ADP Jobs Report Says About Unemployment Benefits, Delta Variant",https://www.thestreet.com/jim-cramer/adp-jobs-report-unemployment-benefits-delta-jim-cramer,https://j.mp/3xqq2A2
