feed,title,long_url,short_url
💰Barrons,XPO Earnings Build Confidence in U.S. Industrial Recovery,https://barrons.com/articles/xpo-earnings-stock-price-cc5d72f8?mod=RTA,
