feed,title,long_url,short_url
SeekingAlpha,This Sector Rotation Strategy Made 17% Each Year Since 1991,https://seekingalpha.com/article/4394646,
