feed,title,long_url,short_url
Investing,Bitcoin: Weak Volume Clouds Rebound Chances After Test of Key Support at $100K,https://www.investing.com/analysis/bitcoin-weak-volume-clouds-rebound-chances-after-test-of-key-support-at-100k-200669805,
Investing,Is the Fed’s 'Money Creation' Misunderstood?,https://www.investing.com/analysis/is-the-feds-money-creation-misunderstood-200669804,
Investing,Hungary’s Mol says it can source 80% of crude from non-Russian supply,https://www.investing.com/news/commodities-news/hungarys-mol-says-it-can-source-80-of-crude-from-nonrussian-supply-93CH-4341501,
Investing,Gold will do well long term but Bitcoin will do even better: BCA,https://www.investing.com/news/commodities-news/gold-will-do-well-long-term-but-bitcoin-will-do-even-better-bca-4341486,
Investing,"World food prices fall for second consecutive month in October, UN's FAO says",https://www.investing.com/news/economic-indicators/world-food-prices-fall-for-second-consecutive-month-in-october-uns-fao-says-4341480,
Investing,Major brokerages expect BoE to cut rates in December after key policy meeting,https://www.investing.com/news/economy-news/major-brokerages-expect-boe-to-cut-rates-in-december-after-key-policy-meeting-4341481,
