feed,title,long_url,short_url
FXEmpire,Crude Oil Price Analysis – Crude Oil Continues to Look at a Potential Squeeze,https://www.fxempire.com/forecasts/article/crude-oil-price-analysis-crude-oil-continues-to-look-at-a-potential-squeeze-1575109,
