feed,title,long_url,short_url
SeekingAlpha,"Illumina Needs Grail, But May Lose It",https://seekingalpha.com/article/4537790,
