feed,title,long_url,short_url
SeekingAlpha,More info on Cango Q2 earnings report,https://seekingalpha.com/news/3877982,
