feed,title,long_url,short_url
ETFdb,Investors Are Choosing AMLP for Higher Liquidity,https://etfdb.com/energy-infrastructure-channel/investors-are-choosing-amlp-for-higher-liquidity/,https://bit.ly/3Kdk1yQ
