feed,title,long_url,short_url
Investing,"Kepler lowers Besi to Hold, says hybrid bonding upside largely priced in",https://www.investing.com/news/stock-market-news/kepler-lowers-besi-to-hold-says-hybrid-bonding-upside-largely-priced-in-4438956,
