feed,title,long_url,short_url
SA,"[KR] Kroger Non-GAAP EPS of $1.45 beats by $0.17, revenue of $44.6B beats by $1.55B, raises FY22 guidance",https://seekingalpha.com/news/3849186,
SA,[TROX] Tronox lifts lower end of full-year earnings guidance range,https://seekingalpha.com/news/3849178,
