feed,title,long_url,short_url
💰Barrons,CD Rates Are Expected to Fall. Here Are the Best Options Right Now.,https://barrons.com/articles/cd-rates-fed-rate-cuts-be5f8a3d?mod=RTA,https://da.gd/RASXla
