feed,title,long_url,short_url
Motley,Bed Bath & Beyond Continues to Defy Expectation in Q3,https://www.fool.com/investing/2022/01/09/bed-bath-beyond-continues-to-defy-expectation-in-q/?source=iedfolrf0000001,https://j.mp/3F4A5yB
