feed,title,long_url,short_url
Motley,2 High-Yield Dividend Stocks for 2021,https://www.fool.com/investing/2021/06/09/2-high-yield-dividend-stocks-for-2021/?source=iedfolrf0000001,https://j.mp/35avv2d
Motley,Five Below Earnings: It's Full Speed Ahead for New Store Launches,https://www.fool.com/investing/2021/06/09/five-below-earnings-its-full-speed-ahead-for-new-s/?source=iedfolrf0000001,https://j.mp/3w8w9t8
