feed,title,long_url,short_url
Yahoo,Buy This Artificial Intelligence (AI) Stock Hand Over Fist. Dan Ives Expects It to Soar 52%.,https://www.fool.com/investing/2025/02/21/1-artificial-intelligence-ai-stock-to-buy-hand-ove/?source=eptyholnk0000202&utm_source=yahoo-host-full&utm_medium=feed&utm_campaign=article&referring_guid=63b9d6f3-d6e2-440a-9898-c76948f461e6&.tsrc=rss,https://da.gd/arbpFP
Yahoo,Better Artificial Intelligence Stock: AMD vs. Nvidia,https://www.fool.com/investing/2025/02/21/better-artificial-intelligence-stock-amd-vs-nvidia/?source=eptyholnk0000202&utm_source=yahoo-host-full&utm_medium=feed&utm_campaign=article&referring_guid=d180242c-2474-4e90-a92a-5a183a2511d8&.tsrc=rss,https://da.gd/uNEbi
