feed,title,long_url,short_url
Benzinga,"The global mobile & wireless backhaul market growth is anticipated to progress at a CAGR of 9.36% during the forecast period, 2021-2028",https://benzinga.com/pressreleases/21/07/g22080281/the-global-mobile-wireless-backhaul-market-growth-is-anticipated-to-progress-at-a-cagr-of-9-36-dur,
