feed,title,long_url,short_url
Benzinga,"Global Composable Infrastructure Market Research Report 2021: Market to Reach $20 Billion by 2027 - U.S. Market is Estimated at $420.6 Million, While China is Forecast to Grow at 44.4% CAGR",https://benzinga.com/pressreleases/21/07/n22093690/global-composable-infrastructure-market-research-report-2021-market-to-reach-20-billion-by-2027-u-,
