feed,title,long_url,short_url
Investopedia,"Stocks Tumble, Bonds Rally as Jobs Data Fuels Uncertainty on Wall Street By Colin Laidley Published Sep 06, 2024",https://investopedia.com/--8707598,
