feed,title,long_url,short_url
Reuters,Wall Street drifts toward record closing highs in risk-on session,https://reuters.com/article/idUSL1N2PW1W2,
