feed,title,long_url,short_url
SeekingAlpha,Planet Labs rises 9% after executive buys $997K worth shares,https://seekingalpha.com/news/3955059,
SeekingAlpha,Scilex ends rally after postponing annual shareholder meeting,https://seekingalpha.com/news/3955058,
SeekingAlpha,K92 Mining reports Q1 production of 21.5k GEOs from Kainantu mine,https://seekingalpha.com/news/3955057,
