feed,title,long_url,short_url
Bitcoin.com,KyberSwap Launches on BitTorrent Chain With $1.5M in Liquidity Mining and Incentive Rewards,https://news.bitcoin.com/kyberswap-launches-on-bittorrent-chain-with-1-5m-in-liquidity-mining-and-incentive-rewards/,https://bit.ly/3vGNN87
