feed,title,long_url,short_url
Coinfomania,BlackRock Clients Unload Bitcoin and Ethereum as Fresh Outflows Hit the Market,https://coinfomania.com/blackrock-clients-unload-bitcoin-and-ethereum-as-fresh-outflows-hit-the-market/,
