feed,title,long_url,short_url
Nasdaq,5 Tricks to Earn Credit Card Miles Fast Right Now,https://www.nasdaq.com/articles/5-tricks-to-earn-credit-card-miles-fast-right-now-2021-06-27,https://j.mp/3A6bg40
Nasdaq,Which Industrial Stocks Are Better Bets Compared To Johnson Controls?,https://www.nasdaq.com/articles/which-industrial-stocks-are-better-bets-compared-to-johnson-controls-2021-06-27,https://j.mp/3zXxx4d
Nasdaq,What's Next For Elanco Stock After Kindred Acquisition?,https://www.nasdaq.com/articles/whats-next-for-elanco-stock-after-kindred-acquisition-2021-06-27,https://j.mp/3h8DAtX
Nasdaq,What's Next For uniQure Stock After A 13% Drop Last Week?,https://www.nasdaq.com/articles/whats-next-for-uniqure-stock-after-a-13-drop-last-week-2021-06-27,https://j.mp/3w6ifHi
Nasdaq,What’s Next For Coca-Cola Stock After Its 6% Rally?,https://www.nasdaq.com/articles/whats-next-for-coca-cola-stock-after-its-6-rally-2021-06-27,https://j.mp/3jp3koV
Nasdaq,Cybersecurity Demand Surge And Profitability Growth Make NortonLifeLock Stock A Smart Buy,https://www.nasdaq.com/articles/cybersecurity-demand-surge-and-profitability-growth-make-nortonlifelock-stock-a-smart-buy,https://j.mp/3vUVPbD
Nasdaq,Is Google Stock Undervalued?,https://www.nasdaq.com/articles/is-google-stock-undervalued-2021-06-27,https://j.mp/35Vkkel
Nasdaq,"Gap Stock Up 60% YTD, Time To Sell?",https://www.nasdaq.com/articles/gap-stock-up-60-ytd-time-to-sell-2021-06-27,https://j.mp/3xYlWjv
Nasdaq,RenaissanceRe Stock Has A 40% Upside,https://www.nasdaq.com/articles/renaissancere-stock-has-a-40-upside-2021-06-27,https://j.mp/3wWae8S
Nasdaq,ADP Stock Looks Overvalued,https://www.nasdaq.com/articles/adp-stock-looks-overvalued-2021-06-27,https://j.mp/3qvZ9sA
