feed,title,long_url,short_url
SA,"[nowvf] NowVertical Group GAAP EPS of $0.00, revenue of $15.46M",https://seekingalpha.com/news/4007525,
SA,[dg] Dollar General Q2 2024 Earnings Preview,https://seekingalpha.com/news/4007522,
