feed,title,long_url,short_url
Coinfomania,Solana Gains Attention — Are ETF Investors Changing the Game?,https://coinfomania.com/solana-gains-attention-are-etf-investors-changing-the-game/,
Coinfomania,"Fundstrat Acquires 25,000 ETH — Major Addition to Holdings",https://coinfomania.com/fundstrat-acquires-25000-eth-major-addition-to-holdings/,
Coinfomania,XRP Holds Above $1.10 as Market Shows Mixed Signals,https://coinfomania.com/xrp-holds-above-1-10-as-market-shows-mixed-signals/,
Coinfomania,Why Stellar Just Unveiled a Quantum Preparedness Plan,https://coinfomania.com/why-stellar-just-unveiled-a-quantum-preparedness-plan/,
