feed,title,long_url,short_url
SeekingAlpha,WSB's Weekend Bite: Buy This Stock + Employment Trends Deep Dive (Video),https://seekingalpha.com/article/4494767,
