feed,title,long_url,short_url
Reuters,"As U.S. cracks down on more Chinese firms, global banks scramble to manage risk",https://reuters.com/article/idUSL4N2G62QA,
