feed,title,long_url,short_url
MarketWatch,These are the 2 things that are most likely wrecking your retirement savings,http://feeds.marketwatch.com/~r/marketwatch/bulletins/~3/MJPZqvGwlhI/go,https://j.mp/3mgez1A
