feed,title,long_url,short_url
CryptoNewsFlash,Breaking News: Critical Deadlines Set in Coinbase vs. SEC Lawsuit,https://crypto-news-flash.com/breaking-news-critical-deadlines-set-in-coinbase-vs-sec-lawsuit/,
