feed,title,long_url,short_url
Investopedia,This AI Chip Stock Is Getting a Big Boost From Google’s Hot Streak,https://investopedia.com/--11856894,
