feed,title,long_url,short_url
Investors,Tesla Rises As Elon Musk Makes This Austin Robotaxi Claim,https://www.investors.com/news/tesla-stock-elon-musk-claim-austin-robotaxi-service/,
