feed,title,long_url,short_url
ZeroHedgeRU,A Difficult Week On Many Fronts,https://www.zerohedge.com/markets/difficult-week-many-fronts,https://da.gd/vB1VB
