feed,title,long_url,short_url
Motley,Is It Time to Buy Microsoft Stock as Its Backlog Soars?,https://www.fool.com/investing/2026/01/29/is-it-time-to-buy-microsoft-stock-as-its-backlog-s/?source=iedfolrf0000001,
