feed,title,long_url,short_url
Benzinga,"Supply Chain Risk Management Market [2022-2029] | Industry Share, Revenue, Key Players, CAGR, Demand and Sales Forecast",https://benzinga.com/pressreleases/22/12/g30054782/supply-chain-risk-management-market-2022-2029-industry-share-revenue-key-players-cagr-demand-and-s,
