feed,title,long_url,short_url
SeekingAlpha,Amazon: The Market Is So Wrong Here,https://seekingalpha.com/article/4599929,
