feed,title,long_url,short_url
SeekingAlpha,Worried About A Recession? We Are Too,https://seekingalpha.com/article/4587213,
