feed,title,long_url,short_url
🔐MarketWatch,RF Industries stock price target cut to $6.00 from $7.50 at B. Riley,http://www.marketwatch.com/tools/quotes/quotes.asp?symb=RFIL&siteid=rss,https://da.gd/2Htl
