feed,title,long_url,short_url
ETFTrends,Muni Defaults: Just One in 2022,https://www.etftrends.com/tactical-allocation-channel/muni-defaults-just-one-in-2022/,https://da.gd/lAxt
