feed,title,long_url,short_url
SeekingAlpha,"UBS starts Axsome at buy, sees Auvelity hitting $1B sales by 2030",https://seekingalpha.com/news/4064942,
