feed,title,long_url,short_url
CryptoNewsFlash,"Ripple (XRP), Cardano (ADA), and Rexas Finance (RXS): Which Crypto Will Cross $5 the Earliest?",https://crypto-news-flash.com/ripple-xrp-cardano-ada-and-rexas-finance-rxs-which-crypto-will-cross-5-the-earliest/,
