feed,title,long_url,short_url
CryptoSlate,Mashinsky argues Celsius Earn account are not securities,https://cryptoslate.com/mashinsky-argues-celsius-earn-account-are-not-securities/,https://da.gd/nBEtXj
