feed,title,long_url,short_url
ZeroHedgeRU,Hormuz Exodus Begins: Ships Finally Sailing As UN-Led Evacuation Corridor Opens,https://www.zerohedge.com/energy/hormuz-exodus-begins-ships-finally-sail-un-led-evacuation-corridor-opens,
ZeroHedgeRU,"All Banks Pass Fed's Stress Test, Unleashing Latest Wave Of Dividends And Buybacks",https://www.zerohedge.com/markets/all-banks-pass-feds-stress-test-unleashing-latest-wave-dividends-and-buybacks,
