feed,title,long_url,short_url
Motley,3 Unstoppable Growth Stocks to Buy in 2022 and Beyond,https://www.fool.com/investing/2022/03/10/3-unstoppable-growth-stocks-to-buy-in-2022-and-bey/?source=iedfolrf0000001,https://bit.ly/3vWIO4X
