feed,title,long_url,short_url
SeekingAlpha,Buy Radius: The Highest Growth And Lowest Risk In Communications Infrastructure,https://seekingalpha.com/article/4494490,
