feed,title,long_url,short_url
SeekingAlpha,Deutsche Bank maintains Disney Buy after look at Florida attendance,https://seekingalpha.com/news/3624941,
SeekingAlpha,Homology Medicines unveils gene therapy program targeting MPS II,https://seekingalpha.com/news/3624940,
