feed,title,long_url,short_url
SeekingAlpha,Loblaw Companies: Trading At A 7.5% Free Cash Flow Yield And Buying Back Stock,https://seekingalpha.com/article/4413516,
