feed,title,long_url,short_url
SeekingAlpha,Canopy Growth: Avoid At This Valuation,https://seekingalpha.com/article/4404190,
