feed,title,long_url,short_url
ZeroHedgeRU,"Purging Of Top Chinese Generals Shows Central Military Commission In ""Disarray""",https://www.zerohedge.com/markets/purging-top-chinese-generals-shows-central-military-commission-disarray,
