feed,title,long_url,short_url
SeekingAlpha,Phoenix Motor gets 180-day extension to regain compliance,https://seekingalpha.com/news/4021404,
