feed,title,long_url,short_url
Yahoo,Bank of Ireland's 'green shoots' lift shares despite loss,https://finance.yahoo.com/news/bank-irelands-green-shoots-lift-085137859.html,https://j.mp/3gwtBgq
