feed,title,long_url,short_url
💰Barrons,Small Businesses Got This Juicy Tax Break in the New Law,https://barrons.com/articles/small-businesses-tax-break-4fe3bed9?mod=RTA,
