feed,title,long_url,short_url
CryptoDailyUK,What's the Best Crypto for 2024? Exploring 6 Cryptocurrencies with High Growth Potential,https://cryptodaily.co.uk/2024/01/whats-the-best-crypto-for-2024-exploring-6-cryptocurrencies-with-high-growth-potential,https://da.gd/s8BwK
CryptoDailyUK,Seeking Wealth? Here's How to Buy Ethereum and Rebel Satoshi,https://cryptodaily.co.uk/2024/01/seeking-wealth-heres-how-to-buy-ethereum-and-rebel-satoshi,https://da.gd/TArcfb
