feed,title,long_url,short_url
SeekingAlpha,Robinhood to become first brokerage offering overnight stock trading,https://seekingalpha.com/news/3969833,
