feed,title,long_url,short_url
SeekingAlpha,SGOV: A Smart Hedge For Investors Worried About The Next Recession,https://seekingalpha.com/article/4608987,
