feed,title,long_url,short_url
BeInCrypto,"AI Safety Fears Drive Investors to J&J, Costco, and CrowdStrike for Cybersecurity",https://beincrypto.com/ai-fears-defensive-stocks-rally/,
