feed,title,long_url,short_url
SeekingAlpha,Polaris Stock: Less Compelling Than Treasury Notes,https://seekingalpha.com/article/4706135,
SeekingAlpha,Winter (Rate Cuts) Is Coming,https://seekingalpha.com/article/4706154,
SeekingAlpha,"James Bullard On FAIT, Nominal GDP Targeting, And The Fed's Upcoming Framework Review",https://seekingalpha.com/article/4706146,
SeekingAlpha,Madison High Quality Bond Fund Q2 2024 Investment Strategy Letter,https://seekingalpha.com/article/4706147,
