feed,title,long_url,short_url
Benzinga,Tesla Attracts Bearish Bets From Options Traders Following Price Cuts In China,https://benzinga.com/news/23/08/33890763/tesla-attracts-bearish-bets-from-options-traders-following-price-cuts-in-china,https://da.gd/3dG5o
Benzinga,Around $3.5M Bet On This Healthcare Stock? Check Out These 3 Stocks Insiders Are Buying,https://benzinga.com/trading-ideas/long-ideas/23/08/33894599/around-3-5m-bet-on-this-healthcare-stock-check-out-these-3-stocks-insiders-are-buying,https://da.gd/OfgTd
Benzinga,"Jim Cramer: This Stock Moved So High 'It Doesn't Make Any Money,' Plus: A 'Hard Pass' On DWAC",https://benzinga.com/trading-ideas/long-ideas/23/08/33890779/jim-cramer-this-stock-moved-so-high-it-doesnt-make-any-money-plus-a-hard-pass-on-dwac,https://da.gd/sxuBA
Benzinga,Could Pomerdoge (POMD) New P2E Crypto Meme Overtake Shiba Inu (SHIB) And Dogecoin (DOGE) In 2024?,https://benzinga.com/markets/cryptocurrency/23/08/33894589/could-pomerdoge-pomd-new-p2e-crypto-meme-overtake-shiba-inu-shib-and-dogecoin-doge-in-2024,https://da.gd/GIuNB8
