feed,title,long_url,short_url
Motley,Build Your Wealth by Buying and Holding These 2 Dividend Stocks for at Least 20 Years,https://www.fool.com/investing/2023/03/02/build-your-wealth-by-buying-these-2-dividend/?source=iedfolrf0000001,https://da.gd/vG9F7F
