feed,title,long_url,short_url
Benzinga,Industrial Vision Market Forecasted To USD 17.53 Billion at a CAGR of 8.5% by 2030 - Report by Market Research Future (MRFR),https://benzinga.com/pressreleases/22/07/g28031411/industrial-vision-market-forecasted-to-usd-17-53-billion-at-a-cagr-of-8-5-by-2030-report-by-market,
