feed,title,long_url,short_url
Cointelegraph,China state media signals tighter crypto regulations in Terra aftermath,https://cointelegraph.com/news/china-state-media-signals-tighter-crypto-regulations-in-terra-aftermath,https://bit.ly/3M2D5Pq
