feed,title,long_url,short_url
CryptoNewsFlash,Cardano explodes as its ecosystem reaches over 8M native tokens and more than 4M unique wallets – Can the ADA price follow suit?,https://crypto-news-flash.com/cardano-explodes-as-its-ecosystem-reaches-over-8m-native-tokens-and-more-than-4m-unique-wallets-can-the-ada-price-follow-suit/,
CryptoNewsFlash,GameFi Project Metalevel Launches MLVL Token Sale,https://crypto-news-flash.com/gamefi-project-metalevel-launches-mlvl-token-sale/,
