feed,title,long_url,short_url
SeekingAlpha,Buy Cassava Sciences For Imminent Data Readout,https://seekingalpha.com/article/4596780,
SeekingAlpha,PDS Biotechnology: Late-Stage Biotech With Enormous Potential,https://seekingalpha.com/article/4596777,
