feed,title,long_url,short_url
CryptoDailyUK,"NFT Collection Monfters Club Price, Stats, and Review",https://cryptodaily.co.uk/2023/01/nft-collection-monfters-club-price-stats-and-review,https://da.gd/joerWL
CryptoDailyUK,"NFT Collection F1® Delta Time Price, Stats, and Review",https://cryptodaily.co.uk/2023/01/nft-collection-f1-delta-time-price-stats-and-review,https://da.gd/1Vj3L7
CryptoDailyUK,"NFT Collection EtherLambos Price, Stats, and Review",https://cryptodaily.co.uk/2023/01/nft-collection-etherlambos-price-stats-and-review,https://da.gd/K3b9
CryptoDailyUK,"NFT Collection Looki Price, Stats, and Review",https://cryptodaily.co.uk/2023/01/nft-collection-looki-price-stats-and-review,https://da.gd/wKq0
