feed,title,long_url,short_url
Coinfomania,MOVR Falls 10.93% as Whale Accumulation Slows,https://coinfomania.com/movr-falls-10-93-as-whale-accumulation-slows/,
