feed,title,long_url,short_url
ETFTrends,10-Year Treasury Yield Long-Term Perspective: September 2026,https://www.etftrends.com/fixed-income-content-hub/10-year-treasury-yield-long-term-perspective-september-2026/,
