feed,title,long_url,short_url
InsiderMonkey,8 Stocks Beating Wall Street’s Q2 Targets,https://insidermonkey.com/blog/--1811106,
