feed,title,long_url,short_url
SeekingAlpha,Sorrento Therapeutics May Bring Best In Class COVID-19 Tests,https://seekingalpha.com/article/4369420,
