feed,title,long_url,short_url
Motley,Which Stock Is a Better Buy? Visa or Mastercard?,https://www.fool.com/investing/2026/07/14/better-buy-visa-vs-mastercard/?source=iedfolrf0000001,
