feed,title,long_url,short_url
TMF,3 Cheap Investments That Are Better Than Penny Stocks,https://www.fool.com/investing/2021/01/31/3-cheap-investments-that-are-better-than-penny-sto/?source=iedfolrf0000001,https://j.mp/3ajBnsr
