feed,title,long_url,short_url
💰Barrons,FedEx’s Woes Are a Buying Opportunity for Deutsche Post DHL,https://barrons.com/articles/deutsche-post-dhl-stock-price-fedex-buying-opportunity-51664400477?mod=RTA,https://bit.ly/3rirUu6
