feed,title,long_url,short_url
Yahoo,Cracks Emerge in Treasury Bond Market as Fed Starts to Back Away,https://finance.yahoo.com/news/cracks-emerge-treasury-bond-market-110000692.html,https://yhoo.it/3oy2EiS
