feed,title,long_url,short_url
SeekingAlpha,Vale: Strong Iron Ore Pricing Supports Improving Outlook,https://seekingalpha.com/article/4384619,
