feed,title,long_url,short_url
💰Barrons,"Bitcoin, XRP Bounce Back. How Cryptos Are Beating Stocks.",https://barrons.com/articles/bitcoin-xrp-price-cryptos-stocks-1ff4c740?mod=RTA,https://da.gd/pKOUu
