feed,title,long_url,short_url
Investors,Vertex Pharmaceuticals Topples 12% On A Series Of First-Quarter Setbacks,https://www.investors.com/news/technology/vertex-stock-vertex-pharmaceuticals-earnings-q1-2025/,https://da.gd/ZBNxf
Investors,ServiceNow Discloses Artificial Intelligence Financial Target For 2026,https://www.investors.com/news/technology/servicenow-stock-artificial-intelligence-salesforce-stock-palantir-stock/,https://da.gd/fNkIqw
