feed,title,long_url,short_url
AmbCrypto,KITE climbs 10%: Can buyers push the token to $0.25?,https://ambcrypto.com/kite-climbs-10-can-buyers-push-the-token-to-0-25/,
