feed,title,long_url,short_url
Benzinga,Elon Musk Tweet Leads To An 'Important' Upgrade For Almost 800 Dogecoin Nodes,https://benzinga.com/markets/cryptocurrency/21/09/22900052/elon-musk-tweet-leads-to-an-important-upgrade-for-almost-800-dogecoin-nodes,https://j.mp/2XiTvQr
