feed,title,long_url,short_url
Motley,"Rocket Lab Earnings Are Out, but the Story Isn't Just About the Numbers",https://www.fool.com/investing/2025/08/17/rocket-lab-earnings-just-hit-story-numbers/?source=iedfolrf0000001,
