feed,title,long_url,short_url
SeekingAlpha,"In This Price Range, Lowe's Is A Low-Risk, Strong Performer",https://seekingalpha.com/article/4654280,
