feed,title,long_url,short_url
Investing,UPS company deploys AI to spot fakes amid surge in holiday returns,https://www.investing.com/news/stock-market-news/ups-company-deploys-ai-to-spot-fakes-amid-surge-in-holiday-returns-4414483,
Investing,"Americans facing soaring health insurance costs may get a lifeline in 2026, experts say",https://www.investing.com/news/stock-market-news/americans-facing-soaring-health-insurance-costs-may-get-a-lifeline-in-2026-experts-say-4414482,
Investing,Deutsche Bank upgrades Thyssenkrupp Nucera to “buy” after shares slide to lows,https://www.investing.com/news/stock-market-news/deutsche-bank-upgrades-thyssenkrupp-nucera-to-buy-after-shares-slide-to-lows-4414481,
Investing,PayPal dips after analyst downgrades the stock on these 4 factors,https://www.investing.com/news/stock-market-news/paypal-dips-after-analyst-downgrades-the-stock-on-these-4-factors-4414462,
Investing,Irish foreign multinational employment climbs in 2025 despite Trump tariffs,https://www.investing.com/news/stock-market-news/irish-foreign-multinational-employment-climbs-in-2025-despite-trump-tariffs-4414445,
Investing,LAST CHANCE - Get InvestingPro for UP TO 55% OFF before the sale ends,https://www.investing.com/news/stock-market-news/last-chance--get-investingpro-for-up-to-55-off-before-the-sale-ends-4414169,
Investing,TSX awaits U.S. inflation data for guidance,https://www.investing.com/news/stock-market-news/tsx-awaits-us-inflation-data-for-guidance-4414430,
Investing,"Starfighters Space IPO debut: CEO tells Investing.com about strategy, growth plans",https://www.investing.com/news/stock-market-news/starfighters-space-ipo-debut-ceo-tells-investingcom-about-strategy-growth-plans-4414434,
Investing,"Romania to raise minimum wage, cut turnover tax to ease business burden",https://www.investing.com/news/economy-news/romania-to-raise-minimum-wage-cut-turnover-tax-to-ease-business-burden-93CH-4414457,
Investing,China grants general licenses for rare earth exports,https://www.investing.com/news/economy-news/china-grants-general-licenses-for-rare-earth-exports-93CH-4414452,
