feed,title,long_url,short_url
Investing,Solberg launches a Token on Solana Blockchain – Sale is live,https://investing.com/news/-2687765,
Investing,That Startup Show First Show of its Kind in the Metaverse,https://investing.com/news/-2687764,
Investing,Dvision Network announces its 1st Land Sale with Binance NFT and NFTb,https://investing.com/news/-2687763,
