feed,title,long_url,short_url
CryptoNewsFlash,Will BlackRock’s Bitcoin ETF Approval Be Delayed Due to the US Government Shutdown? Examining the Potential Side Effects on BTC Price and the Crypto Space,https://crypto-news-flash.com/will-blackrocks-bitcoin-etf-approval-be-delayed-due-to-the-us-government-shutdown-examining-the-potential-side-effects-on-btc-price-and-the-crypto-space/,
CryptoNewsFlash,"Top 3 Tokens to Complete Your Investment Portfolio: Gala (GALA), Algorand (ALGO) and Shiba Budz (BUDZ)",https://crypto-news-flash.com/top-3-tokens-to-complete-your-investment-portfolio-gala-gala-algorand-algo-and-shiba-budz-budz/,
