feed,title,long_url,short_url
Coinfomania,XRP Analysis: Is Profit-Taking and Bearish Sentiment Driving a Pullback?,https://coinfomania.com/xrp-analysis-is-profit-taking-and-bearish-sentiment-driving-a-pullback/,https://da.gd/w2oSBB
