feed,title,long_url,short_url
ZyCrypto,Ethereum Faces Crossroads as Solana Gains Ground in Smart Contract Dominance,https://zycrypto.com/ethereum-faces-crossroads-as-solana-gains-ground-in-smart-contract-dominance/,https://da.gd/X1EeFY
