feed,title,long_url,short_url
Motley,Is Super Micro Computer Set for a Comeback in 2025?,https://www.fool.com/investing/2024/12/09/is-super-micro-computer-set-for-a-comeback-in-2025/?source=iedfolrf0000001,https://da.gd/lHFoyI
