feed,title,long_url,short_url
gNews,Tesla Stock Rises As The Chinese Government Reportedly Sees The EV As A Spy Risk - Investor's Business Daily,https://www.investors.com/news/tesla-stock-falls-ev-deemed-stealth-espionage-risk-in-china/,https://j.mp/2NxgiTM
