feed,title,long_url,short_url
FinanceMagnates,Bitget Advances Crypto Security with MPC Technology Upgrade,https://www.financemagnates.com//cryptocurrency/bitget-advances-crypto-security-with-mpc-technology-upgrade/,https://da.gd/lbaj
