feed,title,long_url,short_url
Benzinga,Natural Language Processing Market Size [2021-2028] Exhibits 29.4% CAGR to Reach USD 127.26 Billion by 2028,https://benzinga.com/pressreleases/22/10/g29300760/natural-language-processing-market-size-2021-2028-exhibits-29-4-cagr-to-reach-usd-127-26-billion-b,
