feed,title,long_url,short_url
Benzinga,Increase In Multifamily Housing Sparks A Gold Rush For Large Property Management Firms,https://benzinga.com/real-estate/23/02/30978559/increase-in-multifamily-housing-sparks-a-gold-rush-for-large-property-management-firms,https://da.gd/yJlc4O
