feed,title,long_url,short_url
Investing,Stock and Bond Rally Continues as US Dollar Sells Off Again,https://www.investing.com/analysis/stock-and-bond-rally-continues-as-us-dollar-sells-off-again-200644729,https://da.gd/jyeuRI
Investing,The January Effect: A Comprehensive Historical Review,https://www.investing.com/analysis/the-january-effect-a-comprehensive-historical-review-200644727,https://da.gd/ec8W1A
Investing,"The Most Upgraded Stocks From 2023: Buy, Sell or Hold?",https://www.investing.com/analysis/the-most-upgraded-stocks-from-2023-buy-sell-or-hold-200644731,https://da.gd/qvmI4
Investing,"Buffett Keeps Buying Occidental Petroleum, Should You?",https://www.investing.com/analysis/buffett-keeps-buying-occidental-petroleum-should-you-200644728,https://da.gd/5H2bSE
Investing,Max Keiser Issues Important Warning About Solana (SOL),https://www.investing.com/news/cryptocurrency-news/max-keiser-issues-important-warning-about-solana-sol-3264240,https://da.gd/ofbsu
