feed,title,long_url,short_url
DailyCoin,DOJ Grounds Sam Bankman-Fried As $28 Million Jets Seized,https://dailycoin.com/doj-grounds-sam-bankman-fried-as-28-million-jets-seized/,https://da.gd/lMe6UB
