feed,title,long_url,short_url
💰Barrons,Why Have Value Stocks Been Doing So Well? Hint: It Isn't Inflation,https://barrons.com/articles/value-stocks-been-doing-well-51657912136?mod=RTA,https://bit.ly/3ILHsP2
