feed,title,long_url,short_url
FXEmpire,Natural Gas Faces Bearish Reversal: Will it Rebound or Continue to Decline?,https://www.fxempire.com/forecasts/article/natural-gas-faces-bearish-reversal-will-it-rebound-or-continue-to-decline-1357883,https://da.gd/d63g
