feed,title,long_url,short_url
gNews,Nasdaq Bucks Weak Breadth As Fed Looms; Nvidia Is AI Laggard - Investor's Business Daily,https://news.google.com/rss/articles/CBMivwFBVV95cUxOeDZWTnU1azJVOUhOMloxNTdkWnp3RGdIZ0VLYnN4R0l2Ti1DSnF2S0hZMEtUOUVIeExiMURsSldEUFFWbE41MlRoTnN3Z2hUaUpXelhRbW03SFZhV2ZZS2F6VHBCb1hhRUNlMVRWdDdjeVd6U25JT1NTUTM4NHNCZFQ1MEdlcEZLUFhVclJ4Z0ZFQzZUeW9FbUxxVEktZXpuVWR4MUxPaE5sdkJvQ054cmZCby1Ha0pld2pFMDE4dw?oc=5,https://da.gd/Tj0Lox
