feed,title,long_url,short_url
Motley,Chipotle Is a Forever Stock. Q3 Earnings Show Why.,https://www.fool.com/investing/2021/10/26/chipotle-is-a-forever-stock-q3-earnings-show-why/?source=iedfolrf0000001,https://j.mp/3mbHFkW
