feed,title,long_url,short_url
Coinfomania,Mithril Validator Client Launches — Solana Expands Network Capabilities,https://coinfomania.com/mithril-validator-client-launches-solana-expands-network-capabilities/,
Coinfomania,"Bitcoin Falls Below $60,000 — Here’s Why It Matters",https://coinfomania.com/bitcoin-falls-below-60000-heres-why-it-matters/,
Coinfomania,Inside ExponentFinance’s New Risk-Tranching Market — What It Means,https://coinfomania.com/inside-exponentfinances-new-risk-tranching-market-what-it-means/,
Coinfomania,Why Ripple Just Launched $RLUSD in Japan with SBI Group,https://coinfomania.com/why-ripple-just-launched-rlusd-in-japan-with-sbi-group/,
