feed,title,long_url,short_url
Motley,Micron Just Guided for a Staggering $50 Billion in Fiscal Q4 Revenue. Here's What It Means for the AI Trade.,https://www.fool.com/investing/2026/06/24/micron-just-guided-for-a-staggering-50-billion-in/?source=iedfolrf0000001,
