feed,title,long_url,short_url
InvestorPlace,When Is the GameStop Stock Split Date? What Will Happen to GME Stock?,https://investorplace.com/2022/07/when-is-the-gamestop-stock-split-date-what-will-happen-to-gme-stock-2/,https://bit.ly/3PbLOkE
