feed,title,long_url,short_url
CNBC,Fed officials Waller and Bullard back another big interest rate increase in July,https://www.cnbc.com/2022/07/07/fed-officials-waller-and-bullard-back-another-big-interest-rate-increase-in-july.html,https://cnb.cx/3uyblfI
