feed,title,long_url,short_url
SeekingAlpha,Tuesday's Economic Calendar,https://seekingalpha.com/news/3967343,
