feed,title,long_url,short_url
SeekingAlpha,Digital Turbine expands partnership with Google Drive for frictionless app installation,https://seekingalpha.com/news/3968050,
SeekingAlpha,"BellRing Brands Non-GAAP EPS of $0.24 beats by $0.04, revenue of $385.6M beats by $14.34M",https://seekingalpha.com/news/3968049,
SeekingAlpha,"Dolphin Drilling ASA GAAP EPS of $0.16, revenue of $1.8M",https://seekingalpha.com/news/3968048,
SeekingAlpha,Aptose Biosciences GAAP EPS of -$0.15 misses by $0.03,https://seekingalpha.com/news/3968047,
SeekingAlpha,"Hudbay Minerals Non-GAAP EPS of $0.00 misses by $0.03, revenue of $295.22M misses by $47.23M",https://seekingalpha.com/news/3968046,
SeekingAlpha,"Diamond Offshore Drilling GAAP EPS of $0.07 beats by $0.34, revenue of $232.02M beats by $1.33M",https://seekingalpha.com/news/3968045,
