feed,title,long_url,short_url
Benzinga,What's Happening With Nano-X Imaging Stock?,https://benzinga.com/general/biotech/21/04/20476328/whats-happening-with-nano-x-imaging-stock,https://j.mp/3unA9ER
