feed,title,long_url,short_url
SeekingAlpha,Arm said to be near enough support to price IPO at top of range,https://seekingalpha.com/news/4010503,
