feed,title,long_url,short_url
Benzinga,Cooling Towers Market to Reach USD 5.29 Billion by 2029 | Cooling Towers Industry CAGR 4.3%,https://benzinga.com/pressreleases/22/08/g28681452/cooling-towers-market-to-reach-usd-5-29-billion-by-2029-cooling-towers-industry-cagr-4-3,
Benzinga,"The Global Transparent Caching Market grew USD 3,574.14 million by 2027, at a CAGR of 10.32%",https://benzinga.com/pressreleases/22/08/g28681524/the-global-transparent-caching-market-grew-usd-3-574-14-million-by-2027-at-a-cagr-of-10-32,
