feed,title,long_url,short_url
💰Barrons,Cogent Biosciences Stock Soared in 2025. Four Executives Sold Shares on the Same Day.,https://barrons.com/articles/cogent-biosciences-stock-2025-executives-sell-shares-1b8a0e29?mod=RTA,
