feed,title,long_url,short_url
InsiderMonkey,10 Best Aristocrat Dividend Stocks to Buy,https://insidermonkey.com/blog/--943832,
InsiderMonkey,5 Best Aristocrat Dividend Stocks to Buy,https://insidermonkey.com/blog/--943841,
