feed,title,long_url,short_url
Motley,Is AT&T a Value Stock?,https://www.fool.com/investing/2024/01/23/is-att-a-value-stock/?source=iedfolrf0000001,https://da.gd/ZXKvP
Motley,Better Buy: iShares Bitcoin Trust or Actual Bitcoin Tokens?,https://www.fool.com/investing/2024/01/23/better-buy-ishares-bitcoin-trust-or-actual-bitcoin/?source=iedfolrf0000001,https://da.gd/v82P
