feed,title,long_url,short_url
BeInCrypto,"Wirex Limited Raises the Bar on Transparency With Candid 2025 Report  – Over £630,000 in Suspected Illicit Funds Blocked",https://beincrypto.com/wirex-2025-transparency-report/,
BeInCrypto,Nansen CEO Explains Why AI Can’t Replace Human Conviction in Crypto Trading,https://beincrypto.com/ai-in-crypto-humans-vs-machines-nansen-ceo/,
