feed,title,long_url,short_url
InvestorPlace,The Fed Can’t Fix U.S. Housing – Here’s How The White House Might,https://investorplace.com/smartmoney/2025/11/fed-cant-fix-u-s-housing-the-white-house-might/,
InvestorPlace,"Your Weekend Shortcut: One Stock to Buy, One to Sell Immediately",https://investorplace.com/2025/11/weekend-shortcut-one-stock-buy-one-sell-immediately/,
