feed,title,long_url,short_url
Motley,Home Depot Is Doing an Excellent Job Capturing This $900 Billion Market,https://www.fool.com/investing/2022/04/23/home-depot-is-doing-an-excellent-job-capturing-thi/?source=iedfolrf0000001,https://bit.ly/3v4WDxv
