feed,title,long_url,short_url
ETFTrends:DailyRecap,Notes From the Desk: The Time Has Come,https://www.etftrends.com/etf-strategist-channel/notes-desk-time-come/,https://da.gd/vIfl
ETFTrends:DailyRecap,KraneShares Unveils New AI-Powered China ETF,https://www.etftrends.com/kraneshares-unveilss-new-ai-powered-china-etf/,https://da.gd/HE10
ETFTrends:DailyRecap,Stocks Come Roaring Back,https://www.etftrends.com/etf-strategist-channel/stocks-roar-back/,https://da.gd/ADYX9
ETFTrends:DailyRecap,VanEck Lists ETF Focused on Fabless Chipmakers,https://www.etftrends.com/tactical-allocation-channel/vaneck-lists-etf-focused-fabless-chipmakers/,https://da.gd/3h2Snf
ETFTrends:DailyRecap,Election Year Adds Intrigue to Municipal Bonds,https://www.etftrends.com/fixed-income-channel/election-year-adds-intrigue-municipal-bonds/,https://da.gd/JB79a
ETFTrends:DailyRecap,Municipal Bonds Could Be Ideal Recession Protection,https://www.etftrends.com/etf-building-blocks-channel/municipal-bonds-could-be-ideal-recession-protection/,https://da.gd/sOGh6
ETFTrends:DailyRecap,Clients Looking for ESG Investing Opportunities? This ETF Duo Stands Out,https://www.etftrends.com/core-strategies-channel/clients-looking-for-esg-investing-opportunities-etf-duo-stands-out/,https://da.gd/P7J4wZ
ETFTrends:DailyRecap,"AGGY Alluring, Appropriate Right Now",https://www.etftrends.com/model-portfolio-channel/aggy-alluring-appropriate/,https://da.gd/HjUXkR
ETFTrends:DailyRecap,ETF Investors Await Nvidia EPS,https://www.etftrends.com/tactical-allocation-channel/etf-investors-await-nvidia-eps/,https://da.gd/439wJe
ETFTrends:DailyRecap,Long-Term Growth for China Skews in Favor of Bulls,https://www.etftrends.com/leveraged-inverse-channel/long-term-growth-china-skews-favor-bulls/,https://da.gd/d5JZc
ETFTrends:DailyRecap,ETF Prime: Murphy on the Future of ARK Invest & More,https://www.etftrends.com/etf-prime/murphy-future-ark-invest-more/,https://da.gd/sohhMh
ETFTrends:DailyRecap,Disruptive Theme of the Week: ETF Underdogs,https://www.etftrends.com/disruptive-technology-channel/disruptive-theme-week-etf-underdogs/,https://da.gd/zpwaKd
ETFTrends:DailyRecap,Q&A: What Happens When More Treasurys Stay in the U.S.?,https://www.etftrends.com/qa-what-happens-when-more-treasurys-stay-u-s/,https://da.gd/2IfoB
