feed,title,long_url,short_url
Benzinga,"Global Hermetic Packaging Market size is expected to reach USD 5.2 Billion by 2033, exhibiting a CAGR of 4.2% during the forecast period 2023 to 2033 | Future Market Insights, Inc",https://benzinga.com/pressreleases/23/03/g31451207/global-hermetic-packaging-market-size-is-expected-to-reach-usd-5-2-billion-by-2033-exhibiting-a-ca,
