feed,title,long_url,short_url
CoinDesk,The Unique Way the Solana Trading Ecosystem Is Making Bank,https://www.coindesk.com/business/2024/11/09/the-unique-way-the-solana-trading-ecosystem-is-making-bank/?utm_medium=referral&utm_source=rss&utm_campaign=headlines,https://da.gd/5vBc
