feed,title,long_url,short_url
Motley,2 Reasons S&P 500 Index Funds Are the Perfect Investment,https://www.fool.com/investing/2022/02/05/2-reasons-sp-500-index-funds-are-the-perfect-inves/?source=iedfolrf0000001,https://bit.ly/3urjfs9
Motley,The Trade Desk Q4 Earnings Preview: 2 Trends Investors Should Watch,https://www.fool.com/investing/2022/02/05/the-trade-desk-earnings-preview/?source=iedfolrf0000001,https://bit.ly/3HzSG7R
