feed,title,long_url,short_url
Yahoo,6 Stocks to Play the New U.S. Economic Reopening,https://www.barrons.com/articles/6-stocks-reopening-51644003539?siteid=yhoof2&yptr=yahoo,https://bit.ly/3sgmlfP
