feed,title,long_url,short_url
FXEmpire,More Left for Ethereum’s rally?,https://www.fxempire.com/forecasts/article/more-left-for-ethereums-rally-1188271,https://bit.ly/3NOsB9c
