feed,title,long_url,short_url
💰Barrons,SEC Removes Roadblock for Banks to Hold Crypto. Why It Won’t Lead to Major Change.,https://barrons.com/articles/bitcoin-crypto-trump-sab121-news-6b4e45fb?mod=RTA,https://da.gd/ws6eJH
