feed,title,long_url,short_url
Motley,Social Security Recipients Might Actually Get to Keep Their 2023 Raise,https://www.fool.com/investing/2022/10/02/social-security-recipients-keep-2023-cola-raise/?source=iedfolrf0000001,https://bit.ly/3CmGQOd
