feed,title,long_url,short_url
gNews,Stock Market This Week: Five Themes to Watch - Barchart,https://www.barchart.com/story/news/10511415/stock-market-this-week-five-themes-to-watch,https://bit.ly/3C41LEk
