feed,title,long_url,short_url
Investing,Equity risk premium falls to 2002 levels. What it means for stocks,https://www.investing.com/news/stock-market-news/equity-risk-premium-falls-to-2002-levels-what-it-means-for-stocks-4898047,
Investing,Neuronetics stock gains after B.Riley initiates coverage at Buy,https://www.investing.com/news/stock-market-news/neuronetics-stock-gains-after-briley-initiates-coverage-at-buy-93CH-4898045,
Investing,Coffee traders’ big shipments are set to boost exchange stocks and weigh on prices,https://www.investing.com/news/stock-market-news/coffee-traders-big-shipments-are-set-to-boost-exchange-stocks-and-weigh-on-prices-4898038,
Investing,German union demands Volkswagen commitment to 2024 labour agreement,https://www.investing.com/news/stock-market-news/german-union-demands-volkswagen-commitment-to-2024-labour-agreement-4897957,
