feed,title,long_url,short_url
InsiderMonkey,"Sprouts Farmers Market, Inc. (NASDAQ:SFM) Q4 2022 Earnings Call Transcript",https://insidermonkey.com/blog/--1128135,
InsiderMonkey,"ChargePoint Holdings, Inc. (NYSE:CHPT) Q4 2023 Earnings Call Transcript",https://insidermonkey.com/blog/--1128133,
InsiderMonkey,"Macy’s, Inc. (NYSE:M) Q4 2022 Earnings Call Transcript",https://insidermonkey.com/blog/--1128131,
InsiderMonkey,Elastic N.V. (NYSE:ESTC) Q3 2023 Earnings Call Transcript,https://insidermonkey.com/blog/--1128130,
InsiderMonkey,"Best Buy Co., Inc. (NYSE:BBY) Q4 2023 Earnings Call Transcript",https://insidermonkey.com/blog/--1128124,
InsiderMonkey,"Zscaler, Inc. (NASDAQ:ZS) Q2 2023 Earnings Call Transcript",https://insidermonkey.com/blog/--1128123,
InsiderMonkey,argenx SE (NASDAQ:ARGX) Q4 2022 Earnings Call Transcript,https://insidermonkey.com/blog/--1128122,
InsiderMonkey,Sociedad Química y Minera de Chile S.A. (NYSE:SQM) Q4 2022 Earnings Call Transcript,https://insidermonkey.com/blog/--1128120,
InsiderMonkey,Hormel Foods Corporation (NYSE:HRL) Q1 2023 Earnings Call Transcript,https://insidermonkey.com/blog/--1128119,
InsiderMonkey,Anheuser-Busch InBev SA/NV (NYSE:BUD) Q4 2022 Earnings Call Transcript,https://insidermonkey.com/blog/--1128113,
InsiderMonkey,Costco Wholesale Corporation (NASDAQ:COST) Q2 2023 Earnings Call Transcript,https://insidermonkey.com/blog/--1128111,
InsiderMonkey,Broadcom Inc. (NASDAQ:AVGO) Q1 2023 Earnings Call Transcript,https://insidermonkey.com/blog/--1128110,
InsiderMonkey,"The Dixie Group, Inc. (NASDAQ:DXYN) Q4 2022 Earnings Call Transcript",https://insidermonkey.com/blog/--1128108,
InsiderMonkey,"Independence Contract Drilling, Inc. (NYSE:ICD) Q4 2022 Earnings Call Transcript",https://insidermonkey.com/blog/--1128105,
InsiderMonkey,Ideal Power Inc. (NASDAQ:IPWR) Q4 2022 Earnings Call Transcript,https://insidermonkey.com/blog/--1128099,
InsiderMonkey,"ClearPoint Neuro, Inc. (NASDAQ:CLPT) Q4 2022 Earnings Call Transcript",https://insidermonkey.com/blog/--1128098,
InsiderMonkey,"1stdibs.Com, Inc. (NASDAQ:DIBS) Q4 2022 Earnings Call Transcript",https://insidermonkey.com/blog/--1128096,
InsiderMonkey,"Everspin Technologies, Inc. (NASDAQ:MRAM) Q4 2022 Earnings Call Transcript",https://insidermonkey.com/blog/--1128093,
InsiderMonkey,"CompoSecure, Inc. (NASDAQ:CMPO) Q4 2022 Earnings Call Transcript",https://insidermonkey.com/blog/--1128091,
InsiderMonkey,"Golden Entertainment, Inc. (NASDAQ:GDEN) Q4 2022 Earnings Call Transcript",https://insidermonkey.com/blog/--1128081,
