feed,title,long_url,short_url
Motley,Can SoundHound Stock Reach $20 Again? Here's the Answer,https://www.fool.com/investing/2026/06/13/can-soundhound-stock-reach-20-again-heres-the/?source=iedfolrf0000001,
