feed,title,long_url,short_url
FXEmpire,"SNDK, STX and WDC Forecasts – AI Hype Meets Reality",https://www.fxempire.com/forecasts/article/sndk-stx-and-wdc-forecasts-ai-data-centers-in-focus-1594297,
