feed,title,long_url,short_url
AmbCrypto,Can Pi Network extend 6% rally and reclaim $0.30 next? Examining…,https://ambcrypto.com/can-pi-network-extend-6-rally-and-reclaim-0-30-next-examining/,
