feed,title,long_url,short_url
SeekingAlpha,EDEN: Danish Equities Are Undervalued,https://seekingalpha.com/article/4570479,
