feed,title,long_url,short_url
SeekingAlpha,"Microsoft Is A Weak Buy, What I Need To Get On Board",https://seekingalpha.com/article/4570503,
