feed,title,long_url,short_url
💰Barrons,The Oil Industry Is Lifting Four EV-Charging Shares,https://barrons.com/articles/ev-charging-stocks-oil-51674058943?mod=RTA,https://da.gd/Dn0qef
