feed,title,long_url,short_url
InvestorPlace,3 Sorry Stocks to Sell in January Before It’s Too Late,https://investorplace.com/2023/01/3-sorry-stocks-to-sell-in-january-before-its-too-late-sofi-riot-gme/,https://da.gd/cf2yI8
InvestorPlace,7 Penny Stocks That Will Make You Rich in 10 Years,https://investorplace.com/2023/01/7-penny-stocks-that-will-make-you-rich-in-10-years/,https://da.gd/viCB7K
InvestorPlace,3 Hot Cryptos to Watch as They Make Huge Gains,https://investorplace.com/2023/01/3-hot-cryptos-to-watch-as-they-make-huge-gains/,https://da.gd/Wcla
InvestorPlace,MULN Stock Alert: Why Are Investors Suing Mullen Automotive?,https://investorplace.com/2023/01/muln-stock-alert-why-are-investors-suing-mullen-automotive/,https://da.gd/skCIa
