feed,title,long_url,short_url
ZeroHedgeRU,"Powell, Do You Even Know What The Economy Is?",https://www.zerohedge.com/economics/powell-do-you-even-know-what-economy,https://j.mp/2NLm0lh
