feed,title,long_url,short_url
SeekingAlpha,"National Beverage: Profitable, Still Pricey",https://seekingalpha.com/article/4699962,
