feed,title,long_url,short_url
Investing,Formation Fi Breaks All-Time SHO Record on DAO Maker,https://investing.com/news/-2529748,
Investing,Vertex Slumps Premarket On Halting Liver-Disease Drug Development,https://investing.com/news/-2529743,
