feed,title,long_url,short_url
SeekingAlpha,JMP Group divests interest in Harvest Capital Credit for $9.7 million,https://seekingalpha.com/news/3705554,
SeekingAlpha,"Bristol Myers, Acceleron's Reblozyl shows encouraging action in adults with beta thalassemia",https://seekingalpha.com/news/3705553,
SeekingAlpha,Pure Extraction inks two definitive agreements with AVL Powertrain UK and Ballard Power Systems,https://seekingalpha.com/news/3705543,
SeekingAlpha,Carnival updates on summer schedule from U.S. ports,https://seekingalpha.com/news/3705552,
SeekingAlpha,IPO Day With Zeta Global CEO David Steinberg: Moving To A Post Third-Party Cookies World (Video),https://seekingalpha.com/article/4434278,
