feed,title,long_url,short_url
BeInCrypto,Will Option Vaults Dominate Real Yield Products in Crypto?,https://beincrypto.com/will-option-vaults-dominate-real-yield-products-in-crypto/,https://bit.ly/3qF7UBx
BeInCrypto,More Monkey Business from Yuga Labs With Rumored Mecha Apes Launch,https://beincrypto.com/more-monkey-business-from-yuga-labs-with-rumored-mecha-apes-launch/,https://bit.ly/3qZApKJ
