feed,title,long_url,short_url
DailyCoin,Uniswap Cleared in Lawsuit as Ether Receives Unexpected Boon,https://dailycoin.com/uniswap-cleared-in-lawsuit-as-ether-receives-unexpected-boon/,https://da.gd/YKit7
