feed,title,long_url,short_url
Motley,It's Not Too Late to Buy AT&T Stock,https://www.fool.com/investing/2022/10/21/its-not-too-late-to-buy-att-stock/?source=iedfolrf0000001,https://bit.ly/3TDOlGf
