feed,title,long_url,short_url
InvestorPlace,Helbiz (HLBZ) Stock Falls 20% as CEO Wages #NakedShortWar,https://investorplace.com/2023/01/helbiz-hlbz-stock-falls-20-as-ceo-wages-nakedshortwar/,https://da.gd/DyJMke
InvestorPlace,Why Is Snowflake (NYSE:SNOW) Stock Down Today?,https://investorplace.com/2023/01/why-is-snowflake-nysesnow-stock-down-today/,https://da.gd/L797
InvestorPlace,3 EV Charging Stocks to Own Now for Big Gains by 2030,https://investorplace.com/2023/01/3-ev-charging-stocks-to-own-now-for-big-gains-by-2030/,https://da.gd/qqjCAt
InvestorPlace,Tesla (TSLA) Stock Navigates Volatility Ahead of Jan. 25 Earnings Call,https://investorplace.com/2023/01/tesla-tsla-stock-navigates-volatility-ahead-of-jan-25-earnings-call/,https://da.gd/ZkEa
InvestorPlace,Why Is Datadog (NASDAQ:DDOG) Stock Down 5% Today?,https://investorplace.com/2023/01/why-is-datadog-nasdaqddog-stock-down-5-today/,https://da.gd/bw8Wa
InvestorPlace,Is ARVL Stock a Good Buy? Here’s My Call,https://investorplace.com/2023/01/is-arvl-stock-a-good-buy-heres-my-call/,https://da.gd/muXZO
