feed,title,long_url,short_url
SeekingAlpha,Invesco BulletShares 2025 High Yield Corporate Bond ETF declares monthly distribution of $0.1164,https://seekingalpha.com/news/3927958,
SeekingAlpha,Invesco BulletShares 2025 Corporate Bond ETF declares monthly distribution of $0.0501,https://seekingalpha.com/news/3927957,
SeekingAlpha,Invesco BulletShares 2024 Municipal Bond ETF declares monthly distribution of $0.0462,https://seekingalpha.com/news/3927956,
SeekingAlpha,"Blackstone Q4 EPS seen sliding amid focus on market volatility, interest rates",https://seekingalpha.com/news/3927868,
SeekingAlpha,Invesco BulletShares 2024 High Yield Corporate Bond ETF declares monthly distribution of $0.1108,https://seekingalpha.com/news/3927954,
SeekingAlpha,Why Freeport-McMoRan Stock Is Still A Buy After Q4 Earnings,https://seekingalpha.com/article/4572357,
