feed,title,long_url,short_url
💰Barrons,Nvidia Stock Rises. Big Investment Firms Sell Up.,https://barrons.com/articles/nvidia-stock-price-fund-sell-2ed3bc7c?mod=RTA,https://da.gd/0aSa5
💰Barrons,"U.S. Recession Odds Remain Low. Don't Worry About a Bear Market, Goldman Says.",https://barrons.com/articles/us-recession-stock-market-842ee573?mod=RTA,https://da.gd/rlehkg
