feed,title,long_url,short_url
Benzinga,"From Crypto-Themed Game to Actual Crypto, ""Bitcoin Billionaire"" is Adapting to User Demand",https://benzinga.com/markets/cryptocurrency/21/10/23535529/from-crypto-themed-game-to-actual-crypto-bitcoin-billionaire-is-adapting-to-user-demand,https://j.mp/3jzWFXU
Benzinga,How One Premium NFT Platform is Rewarding NFT Creators and Users,https://benzinga.com/markets/cryptocurrency/21/10/23535405/how-one-premium-nft-platform-is-rewarding-nft-creators-and-users,https://j.mp/3nxk1Ps
