feed,title,long_url,short_url
SeekingAlpha,"Life Time Group Holdings: Undervalued, And With Tailwinds Ahead",https://seekingalpha.com/article/4718101,
