feed,title,long_url,short_url
SeekingAlpha,Liquidity Is Still An Issue For Our Banks,https://seekingalpha.com/article/4642062,
SeekingAlpha,I'm Buying Norfolk Southern Stock With Both Hands,https://seekingalpha.com/article/4641861,
