feed,title,long_url,short_url
Motley,Should You Buy Alibaba Stock Before Feb. 5?,https://www.fool.com/investing/2025/01/31/should-you-buy-alibaba-stock-before-february-5/?source=iedfolrf0000001,https://da.gd/9Wau2l
Motley,Billionaire Philippe Laffont Just Sold Top Artificial Intelligence Stocks Nvidia and AMD and Piled Into 2 Players Dominating Another High-Growth Billion-Dollar Industry,https://www.fool.com/investing/2025/01/31/billionaire-philippe-laffont-just-sold-top-artific/?source=iedfolrf0000001,https://da.gd/F4TiW
