feed,title,long_url,short_url
SeekingAlpha,CLOI: An Interesting Fund To Access Collateralized Loans,https://seekingalpha.com/article/4658298,
