feed,title,long_url,short_url
Benzinga,Imminent Rate Hike? A Real Recession? Upcoming Jobs Report Makes All The Difference,https://benzinga.com/news/22/08/28339747/will-fridays-nonfarm-payroll-reporting-confirm-that-the-us-is-in-a-recession,https://bit.ly/3vDTKUb
