feed,title,long_url,short_url
SeekingAlpha,iShares U.S. Pharmaceuticals ETF declares quarterly distribution of $0.7206,https://seekingalpha.com/news/3705164,
SeekingAlpha,iShares U.S. Oil Equipment & Services ETF declares quarterly distribution of $0.0177,https://seekingalpha.com/news/3705163,
SeekingAlpha,iShares U.S. Oil & Gas Exploration & Production ETF declares quarterly distribution of $0.2107,https://seekingalpha.com/news/3705162,
SeekingAlpha,iShares U.S. Medical Devices ETF declares quarterly distribution of $0.3052,https://seekingalpha.com/news/3705161,
SeekingAlpha,Darling CEO: Wall Street took time to see that company's margins were sustainable,https://seekingalpha.com/news/3705146,
SeekingAlpha,iShares U.S. Insurance ETF declares quarterly distribution of $0.2967,https://seekingalpha.com/news/3705160,
SeekingAlpha,iShares U.S. Industrials ETF (IYJ) declares quarterly distribution of $0.2066,https://seekingalpha.com/news/3705159,
