feed,title,long_url,short_url
Investing,"Tesla Sells off 10% of its Bitcoin holding, CEO states",https://investing.com/news/-2486207,
Investing,"3M Earnings, Revenue Beat in Q1",https://investing.com/news/-2486209,
Investing,"As tech faces a reckoning, what you do offline can get you banned",https://investing.com/news/-2486208,
Investing,DoorDash lowers some fees for restaurants,https://investing.com/news/-2486206,
