feed,title,long_url,short_url
SeekingAlpha,Amarin Corp.: Whether Vascepa Is A COVID-19 Play,https://seekingalpha.com/article/4367909,
SeekingAlpha,China Continues To Lead World Equity Markets In 2020,https://seekingalpha.com/article/4367908,
