feed,title,long_url,short_url
SeekingAlpha,COVID-19 vaccine developers prepare joint pledge on safety - WSJ,https://seekingalpha.com/news/3611895,
