feed,title,long_url,short_url
CryptoNewsFlash,"BC.GAME Secures New Curacao LOK License, Enhancing Legal Compliance and Global Reach",https://crypto-news-flash.com/bc-game-secures-new-curacao-lok-license-enhancing-legal-compliance-and-global-reach/,
CryptoNewsFlash,Shiba Inu Price Surges 20% After Bitcoin Halving: Can SHIB Reach $0.0001?,https://crypto-news-flash.com/shiba-inu-price-surges-20-after-bitcoin-halving-can-shib-reach-0-0001/,
CryptoNewsFlash,Crypto Enthusiasts Watch the Next Move of This Investor Who Made His Fortune on Shiba Inu (SHIB),https://crypto-news-flash.com/crypto-enthusiasts-watch-the-next-move-of-this-investor-who-made-his-fortune-on-shiba-inu-shib/,
