feed,title,long_url,short_url
CryptoSlate,Crypto has grown up: Why the Rolex rally is on pause in 2025,https://cryptoslate.com/crypto-has-grown-up-why-the-rolex-rally-is-on-pause-in-2025/,
