feed,title,long_url,short_url
Coinfomania,Prividiums Launches Private Atomic DvP Settlement,https://coinfomania.com/prividiums-launches-private-atomic-dvp-settlement/,
