feed,title,long_url,short_url
CoinDesk,Bitcoin-backed lending is entering its institutional era: Two Prime,https://www.coindesk.com/markets/2026/08/11/bitcoin-backed-lending-is-entering-its-institutional-era-two-prime,
