feed,title,long_url,short_url
Bitcoin.com,Bitcoin Flat But Smart Money Is Moving In,https://news.bitcoin.com/bitcoin-flat-but-smart-money-is-moving-in/,
