feed,title,long_url,short_url
CryptoDailyUK,Arkham Bounty Discovers $160 Million In Alleged Terra Wallets,https://cryptodaily.co.uk/2023/07/arkham-bounty-discovers-160-million-in-alleged-terra-wallets,https://da.gd/CaJXRe
