feed,title,long_url,short_url
SeekingAlpha,Eagle Pharmaceuticals stock gains on raising its 2023 adjusted EPS and EBITDA outlook,https://seekingalpha.com/news/3993343,
SeekingAlpha,Pegasystems added to Wedbush's Best Ideas list after reporting Q2 results,https://seekingalpha.com/news/3993342,
SeekingAlpha,AT&T Stock Vs. Verizon Stock: Which Is The Better Telecom High Yielder?,https://seekingalpha.com/article/4621657,
SeekingAlpha,VGT Has Become A Mediocre Tech Sector ETF; IYW Is Consistently Better,https://seekingalpha.com/article/4621722,
SeekingAlpha,XLP: Consumer Staples Are Too Expensive Vs. High Interest Rates,https://seekingalpha.com/article/4621732,
