feed,title,long_url,short_url
SeekingAlpha,Intel: Pre-Pandemic Margins Are History - Sluggish Prospects,https://seekingalpha.com/article/4621670,
SeekingAlpha,Google Is Going All In (Rating Upgrade),https://seekingalpha.com/article/4621693,
SeekingAlpha,The Economy And The S&P 500 Led By The Dow?,https://seekingalpha.com/article/4621763,
