feed,title,long_url,short_url
SeekingAlpha,Aveanna Healthcare falls as UBS starts at Sell on leverage,https://seekingalpha.com/news/4041943,
SeekingAlpha,"Total Telcom Inc. GAAP EPS of C$0.00, revenue of C$0.34M",https://seekingalpha.com/news/4041942,
SeekingAlpha,VentriPoint Diagnostics reports Q3 results,https://seekingalpha.com/news/4041941,
