feed,title,long_url,short_url
FinboldCrypto,ChatGPT-5 sets date when Shiba Inu (SHIB) will hit $0.005,https://finbold.com/chatgpt-5-sets-date-when-shiba-inu-shib-will-hit-0-005/,
