feed,title,long_url,short_url
Investing,"In A One Way Stock Market, Look For 'Uncorrelated Assets'",https://investing.com/analysis/-200579458,
Investing,Malaysia says U.S. returns $460 million in recovered 1MDB funds,https://investing.com/news/-2503503,
