feed,title,long_url,short_url
SeekingAlpha,"Vacasa GAAP EPS of -$3.48, revenue of $177.44M beats by $3.57M",https://seekingalpha.com/news/4073510,
