feed,title,long_url,short_url
SeekingAlpha,Tecogen receives multiple Ultera emission reduction systems order,https://seekingalpha.com/news/3616110,
SeekingAlpha,"Tech following through, leading broader market higher",https://seekingalpha.com/news/3616109,
SeekingAlpha,Averages edge higher after yesterday's selloff,https://seekingalpha.com/news/3616108,
SeekingAlpha,Marinus reverse split shares 1:4,https://seekingalpha.com/news/3616107,
SeekingAlpha,"Teladoc gains after DA Davidson tips Q3 earnings beat, long-term potential",https://seekingalpha.com/news/3616106,
SeekingAlpha,Boxlight secures $22M investment from the Lind Partners,https://seekingalpha.com/news/3616103,
