feed,title,long_url,short_url
Investing,E-mini Triggered Weekly High 1 Buy Signal; Will It Continue?,https://investing.com/analysis/-200571523,
Investing,Possible Bottom In Gold And Silver?,https://investing.com/analysis/-200571428,
Investing,Venture capitalists invest over $16B in blockchain equity since 2012,https://investing.com/news/-2466918,
