feed,title,long_url,short_url
CryptoDailyUK,"Memecoiners Are Rotating From DOGE and PEPE to This Utility Altcoin for 21,000% Growth",https://cryptodaily.co.uk/2025/02/memecoiners-are-rotating-from-doge-and-pepe-to-this-utility-altcoin-for-21000-growth,https://da.gd/scj6X
