feed,title,long_url,short_url
Motley,Weak Jobs Data and Rising Oil Prices at the Same Time: Why Investors Are Now Facing a Much Harder Market to Read,https://www.fool.com/investing/2026/03/12/weak-jobs-data-and-rising-oil-prices-at-the-same-t/?source=iedfolrf0000001,
Motley,Should You Really Buy Stocks During Market Turbulence? These Words From Investing Giant Warren Buffett Offer an Answer That's Strikingly Clear,https://www.fool.com/investing/2026/03/12/should-you-really-buy-stocks-during-market-turbule/?source=iedfolrf0000001,
