feed,title,long_url,short_url
Investing,Huobi gets green light as exchange provider in Australia,https://investing.com/news/-2859487,
