feed,title,long_url,short_url
SeekingAlpha,Private Vs. Public REITs 101,https://seekingalpha.com/article/4536253,
SeekingAlpha,Hold Stratasys: Q2 2022 Results Are In,https://seekingalpha.com/article/4536300,
SeekingAlpha,Groupon: The Business Continues To Decline,https://seekingalpha.com/article/4536343,
