feed,title,long_url,short_url
SeekingAlpha,What To Expect For Adobe's Q1 Earnings: 3 Catalysts To Watch,https://seekingalpha.com/article/4586807,
SeekingAlpha,JPMorgan Is Thriving - Buy The Panic,https://seekingalpha.com/article/4586806,
