feed,title,long_url,short_url
Robinhood:Engineering:Blog,Robinhood Offers The Most Crypto for Your Buck. We Had Experts Check the Math.,https://newsroom.aboutrobinhood.com/?p=4282,
