feed,title,long_url,short_url
Motley,Is It Too Late to Buy Coca-Cola Stock Now?,https://www.fool.com/investing/2024/09/04/is-it-too-late-to-buy-coca-cola-stock-now/?source=iedfolrf0000001,https://da.gd/LKXHwM
