feed,title,long_url,short_url
SA,"[bsm] Black Stone Minerals GAAP EPS of $0.04 misses by $0.28, revenue of $59.25M misses by $56.5M",https://seekingalpha.com/news/4441464,
SA,[aep] Here are the major earnings before the open tomorrow,https://seekingalpha.com/news/4441003,
