feed,title,long_url,short_url
InvestorPlace,E-Commerce Elites: 3 Stocks That Will Be on Fire in 2024,https://investorplace.com/2024/02/e-commerce-elites-3-stocks-that-will-be-on-fire-in-2024/,https://da.gd/mlwSP
InvestorPlace,BlackBerry Layoffs 2024: What to Know About the Latest BB Job Cuts,https://investorplace.com/2024/02/blackberry-layoffs-2024-what-to-know-about-the-latest-bb-job-cuts/,https://da.gd/GIR4F
InvestorPlace,PLTR Stock: Palantir Announces Sponsorship of Inaugural AI Expo,https://investorplace.com/2024/02/pltr-stock-palantir-announces-sponsorship-of-inaugural-ai-expo/,https://da.gd/DuHKo
InvestorPlace,Why Is BioNexus (BGLC) Stock Up 323% Today?,https://investorplace.com/2024/02/why-is-bionexus-bglc-stock-up-323-today/,https://da.gd/0qPH6T
InvestorPlace,Meta Materials Regains Nasdaq Listing Compliance,https://investorplace.com/2024/02/meta-materials-regains-nasdaq-listing-compliance/,https://da.gd/pl9H
