feed,title,long_url,short_url
Barron's,Investors Are Scared to Bet Against Oil. These 7 Stocks Are an Exception.,https://www.barrons.com/articles/investors-are-scared-to-bet-against-oil-these-7-stocks-are-an-exception-51615391580?mod=RTA,https://j.mp/3rzzcbF
