feed,title,long_url,short_url
CryptoNewsFlash,Pi Network Hits 10 Million Mainnet Migrations Ahead of February 20 Open Network Launch,https://crypto-news-flash.com/pi-network-hits-10-million-mainnet-migrations-ahead-of-february-20-open-network-launch/,
