feed,title,long_url,short_url
SeekingAlpha,Velo3D receives continued listing standards notice from NYSE,https://seekingalpha.com/news/4052121,
SeekingAlpha,Select Medical gets board approval for potential separation of Concentra,https://seekingalpha.com/news/4052120,
