feed,title,long_url,short_url
🔐MarketWatch,Market Snapshot: The U.S. economy won’t collapse under Fed’s ‘weight’ based on the performance of these sectors despite inflation and oil risks,http://www.marketwatch.com/news/story.asp?guid=%7B20C06575-04D4-B545-7161-DD2DC06AAA42%7D&siteid=rss&rss=1,https://on.mktw.net/3F1gVMg
