feed,title,long_url,short_url
Investing,Top 5 Things to Watch in Markets in the Week Ahead,https://investing.com/news/-2836124,
