feed,title,long_url,short_url
BeInCrypto,HSBC Enters Real-World Assets (RWA) Market With Tokenized Gold,https://beincrypto.com/hsbc-real-world-assets-rwa-tokenized-gold/,https://da.gd/bsNR
