feed,title,long_url,short_url
FinboldCrypto,DeFi to see a transformative shift,https://finbold.com/defi-to-see-a-transformative-shift/,https://da.gd/i35R
