feed,title,long_url,short_url
Cointelegraph,"Analysts eye Bitcoin miners’ AI, chip sales ahead of Q4 earnings",https://cointelegraph.com/news/analysts-bitcoin-miners-ai-chip-sales-q4-earnings?utm_source=rss_feed&utm_medium=rss&utm_campaign=rss_partner_inbound,https://da.gd/u8fv2l
