feed,title,long_url,short_url
SeekingAlpha,Enphase Offers A 55% Upside After Post-Earnings Sell-Off,https://seekingalpha.com/article/4422785,
SeekingAlpha,"The Trade Desk: Sky's The Limit With UID, But Realistically So",https://seekingalpha.com/article/4422784,
