feed,title,long_url,short_url
Benzinga,Apex Fintech Solutions Announces Blow-Out Earnings Ahead Of NYSE Listing,https://benzinga.com/news/earnings/21/04/20902602/apex-fintech-solutions-announces-blow-out-earnings-ahead-of-nyse-listing,https://j.mp/3xFp6sU
