feed,title,long_url,short_url
SA,Korn/Ferry Q4 2021 Earnings Preview,https://seekingalpha.com/news/3708373,
SA,Notable earnings before Tuesday's open,https://seekingalpha.com/news/3708372,
