feed,title,long_url,short_url
Benzinga,Green building Market to rise at an impressive 17.48% CAGR through 2030 - Report by Market Research Future (MRFR),https://benzinga.com/pressreleases/21/11/g24055114/green-building-market-to-rise-at-an-impressive-17-48-cagr-through-2030-report-by-market-research-f,
