feed,title,long_url,short_url
Bitcoin.com,US Sentences Indian National to Prison for $20M Crypto Laundering Scheme,https://news.bitcoin.com/us-sentences-indian-national-to-prison-for-20m-crypto-laundering-scheme/,https://da.gd/gZtt
