feed,title,long_url,short_url
gNews,3 Stocks That Raised Their Dividend in Each of the Last 3 Recessions - Yahoo Finance,https://news.google.com/rss/articles/CBMigAFBVV95cUxNLTR5a2pGRXVLR2RyQ3RBbXFjT2tlSFhHeXEtUW1GRXo4TDZsaG01T0tOX1JSc3laZkd4NGRabXMzTldGbzFSZlB3N08xWkd1RUVtVnVGYldDQUhNcFd3WmY5UEg1RWV3Vjk3cEw3RHBBWThoc1lPYW5aeS14SVplOA?oc=5,https://da.gd/9z3LJH
gNews,Stock market today: Wall Street ticks closer to record heights ahead of a highly anticipated speech - goskagit.com,https://news.google.com/rss/articles/CBMiigJBVV95cUxNdmNoeXFQSGd3SDZrZEoxX1NpNV90YndCRldrcFhVRzdzMU5OWlphV0FSZ0tCY2VBbTMxUjVFRWxYNVFWRC1HcEMwQ1NKZ3JrSG1sbVd4dXRCaTNsbGJBd1BnWFNBSjViNGZQQXNOMXMtMW5PaWlYZjltQjgxVDRiX1RSNGJnd1N3SGxfTU5xMmtZdEYzMlFILTRSenBnbjVhdE1paElZMFR1RDJmVTRwRVY5OE9xRnZYbXpBNE5UeVdmdUdTa0xMVXNUVjNocE91S2FHc0ppekF2WjNPR1Nodl9BRHhaWmlFeldmeFpFQkl0cURlMk1uT25zOURaSWthLUhoNHhNLWNsdw?oc=5,https://da.gd/k5mhow
