feed,title,long_url,short_url
SeekingAlpha,Strathcona Resources: Quarterly Results Unveil Promising Growth And Deep Value,https://seekingalpha.com/article/4716585,
SeekingAlpha,TC Energy: Growth Focused MLP With Signs Of Becoming A Stable Cash Cow,https://seekingalpha.com/article/4716584,
