feed,title,long_url,short_url
Bitcoin.com,Czech Central Bank Marks First-Ever Digital-Asset Purchase With $1M Crypto Trial,https://news.bitcoin.com/czech-central-bank-marks-first-ever-digital-asset-purchase-with-1m-crypto-trial/,
