feed,title,long_url,short_url
SeekingAlpha,"PENN Entertainment: ESPN Bet Off To A Monster Start, Catching Wall Street Flat-Footed",https://seekingalpha.com/article/4653215,
