feed,title,long_url,short_url
Investing,Explainer-What is China’s Singles’ Day and how is it celebrated?,https://www.investing.com/news/stock-market-news/explainerwhat-is-chinas-singles-day-and-how-is-it-celebrated-4348058,
