feed,title,long_url,short_url
💰Barrons,"China Escalates U.S. Rare-Earths Tension. What It Means for MP Materials, USAR Stock.",https://barrons.com/articles/china-rare-earths-mp-materials-usar-stock-9ca3cb4f?mod=RTA,
