feed,title,long_url,short_url
Motley,"Costco Stock Is Flat as the Year Comes to a Close. Is That a Signal to Buy, or a Signal to Sell?",https://www.fool.com/investing/2025/11/11/costco-stock-is-flat-as-the-year-comes-to-a-close/?source=iedfolrf0000001,
