feed,title,long_url,short_url
TheStreet,Crypto Crisis: More Bad News For a Failing Hedge Fund,https://www.thestreet.com/investing/cryptocurrency/crypto-crisis-more-bad-news-for-a-failing-hedge-fund,https://bit.ly/3ORaheD
