feed,title,long_url,short_url
Investing,"Crypto Flipsider News – Grayscale Sues SEC, Bitcoin Dips, Three Arrows Liquidated, Vasil Proposal, Coinbase Europe Expansion",https://investing.com/news/-2842783,
Investing,Family Found Dead: Police Suspect Suicide is Related to LUNA Crash,https://investing.com/news/-2842782,
Investing,"Bitcoin Falls Below $19,000 as SEC Deals Blow to Institutional Crypto Adoption",https://investing.com/news/-2842777,
