feed,title,long_url,short_url
SeekingAlpha,2021 European Construction Outlook: Output To Recover By 4%,https://seekingalpha.com/article/4403247,
