feed,title,long_url,short_url
SeekingAlpha,Tencent boosts stake in Nio,https://seekingalpha.com/news/3584718,
