feed,title,long_url,short_url
gNews,Stock market today: Global stocks mixed after Wall Street closes its best week in a year - Northeast Mississippi Daily Journal,https://news.google.com/rss/articles/CBMihgJBVV95cUxPODA4WHF5a0JDWHhxYV9NcjFxR1JuZER0TWVzdm4tX1pmWk8wVHVZSm5QUE5zanptRVVUUjg1eEh1QjY0QnphSFUxMHhxeVRJZ29EYnJFTWpqVVh0eUJZc0djZjZLMFZtWHlRTWFJcTVVZkMyVHpXVFBnWTRHbDBObnRadm5heEpoYTRGWWMyRWowSFRyQkFucUZzX0RRXy1CblIxemg3aGdraW85ZjlaZW5GQ2wyenAyZ0RKUWRvdnp1QXNILUZYb3ZtUHFpZDlTUVAyWFpJaG40S3NkX0syd0cxclpkYzZPbGhrR3lVd2JiV2hoaldMMVdnbkpOaVQ4MGNDZHF3?oc=5,https://da.gd/HcJAa
