feed,title,long_url,short_url
💰Barrons,Medicare Is Changing in 2025. Get Ready.,https://barrons.com/articles/medicare-2025-part-b-increase-72643fe4?mod=RTA,https://da.gd/u9rNa
