feed,title,long_url,short_url
AmbCrypto,"I questioned ChatGPT what Ethereum Classic’s future holds, its response was enthusiastic",https://ambcrypto.com/chatgpt-ethereum-classic-price-prediction-24/,https://da.gd/52ZUK
AmbCrypto,"Why Ethereum will hit $8K-$10K, according to ChatGPT",https://ambcrypto.com/chatgpt-ethereum-price-prediction-24/,https://da.gd/oxQw
