feed,title,long_url,short_url
AmbCrypto,"BAYC profits soar as NFT demand rises, but what has holders anxious",https://ambcrypto.com/bayc-profits-soar-as-nft-demand-rises-but-what-has-holders-anxious/,https://da.gd/nYmQ9J
