feed,title,long_url,short_url
Decrypt,"IMF Capitulates on Bitcoin Bans, Says They're Not Effective",https://decrypt.co/145932/imf-capitulates-on-bitcoin-bans-says-theyre-not-effective,https://da.gd/7cF1n
