feed,title,long_url,short_url
Coinfomania,Coinbase Payments MCP Bridges AI Models and On-Chain Tools,https://coinfomania.com/coinbase-payments-mcp-bridges-ai-models-and-on-chain-tools/,
