feed,title,long_url,short_url
Investing,"Bored Ape Yacht Club is a huge mainstream hit, but is Wall Street ready for NFTs?",https://investing.com/news/-2733837,
