feed,title,long_url,short_url
TheStreet,Are NFTs a Good Investment?,https://www.thestreet.com/investing/are-nfts-a-good-investment,https://j.mp/3uK4oWG
