feed,title,long_url,short_url
💰Barrons,What Leopold Aschenbrenner’s Fall Says About This Overleveraged Market,https://barrons.com/articles/leopold-aschenbrenner-overleveraged-market-d032fa73?mod=RTA,
