feed,title,long_url,short_url
FXEmpire,"XLU, XLF, and XLK Forecasts – Sector ETFs Rally as Rates Ease",https://www.fxempire.com/forecasts/article/xlu-xlf-and-xlk-forecasts-sector-etfs-rally-as-rates-ease-1614968,
