feed,title,long_url,short_url
AmbCrypto,Alameda Research whistleblower reveals shocking $190M losses,https://ambcrypto.com/alameda-research-whistleblower-reveals-shocking-190m-losses/,https://da.gd/iy9aS
