feed,title,long_url,short_url
💰Barrons,Fed’s Bostic Sees a Rate Cut in the Fourth Quarter,https://barrons.com/articles/fed-bostic-rate-cut-b3c2f7f3?mod=RTA,https://da.gd/Uq2b5
