feed,title,long_url,short_url
Benzinga,"BlackRock Partners GeoWealth, Enhances Model Offerings",https://benzinga.com/news/24/06/39529848/blackrock-partners-geowealth-enhances-model-offerings,https://da.gd/Lg43p
Benzinga,"Restaurant Brands' Comps Growth Aids, High Costs Hurt",https://benzinga.com/news/earnings/24/06/39529849/restaurant-brands-comps-growth-aids-high-costs-hurt,https://da.gd/iqLUw
Benzinga,What the Options Market Tells Us About Procter & Gamble,https://benzinga.com/insights/options/24/06/39534237/what-the-options-market-tells-us-about-procter-gamble,https://da.gd/0zQWZ
