feed,title,long_url,short_url
ZeroHedgeRU,Where Do Your Christmas Decorations Come From?,https://www.zerohedge.com/economics/where-do-your-christmas-decorations-come,https://j.mp/3sxw1o0
