feed,title,long_url,short_url
CryptoNewsFlash,"Best Meme Coins with 1000X Potential: BTFD Coin Rallies 5,000 Bulls, Mog Coin Beats Popcat’s Market Cap, and Simon’s Cat Is Set to Rise",https://crypto-news-flash.com/best-meme-coins-with-1000x-potential-btfd-coin-rallies-5000-bulls-mog-coin-beats-popcats-market-cap-and-simons-cat-is-set-to-rise/,
