feed,title,long_url,short_url
Bitcoin.com,Billionaire Mark Mobius Says He Can’t Get His Money Out of HSBC China – ‘They’re Putting All Kinds of Barriers’,https://news.bitcoin.com/billionaire-mark-mobius-says-he-cant-get-his-money-out-of-hsbc-china-theyre-putting-all-kinds-of-barriers/,https://da.gd/4YzMi
