feed,title,long_url,short_url
Motley,4 Magnificent Growth Stocks That Can Build Generational Wealth by 2040,https://www.fool.com/investing/2023/12/25/4-growth-stocks-build-generational-wealth-by-2040/?source=iedfolrf0000001,https://da.gd/AlbN
