feed,title,long_url,short_url
AmbCrypto,OPNX to shut down on the back of greater regulatory scrutiny,https://ambcrypto.com/opnx-to-shut-down-on-the-back-of-greater-regulatory-scrutiny/,https://da.gd/je96
