feed,title,long_url,short_url
SA,[imnn] Imunon GAAP EPS of -$0.37 beats by $0.29,https://seekingalpha.com/news/4036219,
SA,"[isun] iSun GAAP EPS of -$0.07, revenue of $27.9M",https://seekingalpha.com/news/4036218,
SA,"[tlsi] TriSalus Life Sciences GAAP EPS of -$0.13, revenue of $5.2M",https://seekingalpha.com/news/4036216,
