feed,title,long_url,short_url
SeekingAlpha,American Well: A Long And Winding Road Forward,https://seekingalpha.com/article/4559772,
