feed,title,long_url,short_url
Benzinga,"Viral Baby Hippo Moodeng Prints Another Meme Coin Millionaire: Trader Turns $1,331 Into $9,5M In 16 Days",https://benzinga.com/markets/cryptocurrency/24/09/41093007/viral-baby-hippo-moodeng-prints-another-meme-coin-millionaire-trader-turns-1-331-into-9-5m,https://da.gd/X1A8C
