feed,title,long_url,short_url
DailyCoin,Is SHIB Due for Next Leg? Exec Unveils Key L3 Security Patch,https://dailycoin.com/is-shib-due-for-next-leg-exec-unveils-key-l3-security-patch/,https://da.gd/ntWK5i
