feed,title,long_url,short_url
Motley,Is It Time to Sell Roku Shares After Q2 Results?,https://www.fool.com/investing/2021/08/14/is-it-time-to-sell-roku-shares-after-q2-results/?source=iedfolrf0000001,https://j.mp/2XwAqu9
