feed,title,long_url,short_url
Benzinga,"The Global Advanced Authentication Market is expected to grow by $ 33.65 billion during 2021-2025, progressing at a CAGR of almost 15% during the forecast period",https://benzinga.com/pressreleases/21/08/g22483252/the-global-advanced-authentication-market-is-expected-to-grow-by-33-65-billion-during-2021-2025-pr,
