feed,title,long_url,short_url
Benzinga,Elon Musk Is Spending $1B On Tesla's Dojo Supercomputer –Here's What It Is,https://benzinga.com/news/23/07/33298111/elon-musk-is-spending-1b-on-teslas-dojo-supercomputer-heres-what-it-is,https://da.gd/j3n12
