feed,title,long_url,short_url
BeInCrypto,Avalanche (AVAX) Price Revisits $20 First time in 6-Months – Analyst Says GameFi Trend Could Drive Further Gains,https://beincrypto.com/avalanche-avax-price-reach-30/,https://da.gd/n3bp
