feed,title,long_url,short_url
SeekingAlpha,Stran & Company to acquire Premier Business Services,https://seekingalpha.com/news/3913566,
