feed,title,long_url,short_url
gNews,8 high-conviction stock ideas from Prabhudas to add to your portfolio - The Economic Times,https://news.google.com/rss/articles/CBMi7AFBVV95cUxNeHBsVkVkTTNRS01peEFuN3E5NF8zSk9tMG1WUlBqUmZ1MkNuc2s0OFB5U2tGWFJtbklCdUZ4OVh3WDlCZTh4by0zMHg5ODhfOUVpR3JGYTQ1WXh5WkRXdVpnaDFqUzEzVlZvX3BYcnEteG05aDB2RGlmcnJQdzEzQnVqZ0xmbXlJTUdJQm1iaWwyWmxGYkN2aWQ2S1FyNmVUbXlhRlVDd0xtcGNyTS1YcXlVQlE2MHR1WDJ0VHN5V3VlQURNVkM4V3pzWDBRNkRVaFU5aGo3akpTd1g5Q2hJX3JiMFJ6Z1pGa05WeA?oc=5,https://da.gd/8Br90I
