feed,title,long_url,short_url
AmbCrypto,Bitcoin increased by 104% in 58 days? AEON MINING contracts can do that!,https://ambcrypto.com/bitcoin-increased-by-104-in-58-days-aeon-mining-contracts-can-do-that/,https://da.gd/DR4Ua
