feed,title,long_url,short_url
Benzinga,AMC Shares Are Trading Higher: What You Need To Know,https://benzinga.com/news/24/07/39606540/amc-shares-are-trading-higher-what-you-need-to-know,https://da.gd/fd7iay
