feed,title,long_url,short_url
Motley,2 Stocks I'd Buy Right Now -- Even With the S&P 500 Setting New All-Time Highs,https://www.fool.com/investing/2024/01/25/2-stocks-id-buy-right-now-even-with-the-sp-500-set/?source=iedfolrf0000001,https://da.gd/gEArp
Motley,Could Buying 18%-Yielding Dividend Stock Medical Properties Trust Be a Smart Move Right Now?,https://www.fool.com/investing/2024/01/25/buy-dividend-stock-medical-properties-trust/?source=iedfolrf0000001,https://da.gd/LaPHCT
Motley,The S&P 500 Bull Market Plus High Interest Rates Equals Opportunity for 1 Magnificent Stock,https://www.fool.com/investing/2024/01/25/the-sp-500-bull-market-interest-rates-for-1-stock/?source=iedfolrf0000001,https://da.gd/TQLHF
Motley,"Mastercard Stock: Buy, Sell, or Hold?",https://www.fool.com/investing/2024/01/25/mastercard-stock-buy-sell-or-hold/?source=iedfolrf0000001,https://da.gd/hX0All
