feed,title,long_url,short_url
Investing,South African central bank holds key rate as expected,https://www.investing.com/news/economy/south-african-central-bank-holds-key-rate-as-expected-3283005,https://da.gd/gkXmK
