feed,title,long_url,short_url
Benzinga,Why Humana Shares Are Trading Lower By Over 11%? Here Are Other Stocks Moving In Thursday's Mid-Day Session,https://benzinga.com/news/24/01/36788242/why-humana-shares-are-trading-lower-by-over-11-here-are-other-stocks-moving-in-thursdays-mid-day-ses,https://da.gd/azLbS
