feed,title,long_url,short_url
Yahoo,This stock is ‘one of the greatest leading indicators’ of market direction. Here’s what it’s saying now.,https://www.marketwatch.com/story/this-stock-is-one-of-the-greatest-leading-indicators-of-market-direction-heres-what-its-saying-now-11663595042?siteid=yhoof2&yptr=yahoo,https://on.mktw.net/3UjBOJf
Yahoo,$1.5 Million Earns This Much Annually,https://finance.yahoo.com/news/1-5-million-earns-much-130042693.html,https://yhoo.it/3qRQP7L
Yahoo,3 Growth Stocks Down 25% to 75% to Buy Now,https://finance.yahoo.com/m/82aef003-6025-3115-8e1b-d7070e296b52/3-growth-stocks-down-25%25-to.html?.tsrc=rss,https://yhoo.it/3Lr2F2f
Yahoo,1 Risk That Might Surprise Alphabet Shareholders,https://finance.yahoo.com/m/2c1f56c0-d7fd-3776-b503-0df67e68269e/1-risk-that-might-surprise.html?.tsrc=rss,https://yhoo.it/3UpuPOX
