feed,title,long_url,short_url
SeekingAlpha,Alcoa Corporation Faces Major Operational Headwinds Into The End Of FY24,https://seekingalpha.com/article/4684734,
