feed,title,long_url,short_url
Bitcoin.com,Bitcoin Miner Argo to Delist from London Stock Exchange Amid Debt Restructuring,https://news.bitcoin.com/bitcoin-miner-argo-to-delist-from-london-stock-exchange-amid-debt-restructuring/,
