feed,title,long_url,short_url
SeekingAlpha,Hasbro board defends its track record ahead of shareholder meeting,https://seekingalpha.com/news/3834930,
SeekingAlpha,"ZNTE, BTTX and DPSI among pre market gainers",https://seekingalpha.com/news/3834929,
SeekingAlpha,"Audacy GAAP EPS of -$0.08 beats by $0.01, revenue of $275.3M misses by $3.83M",https://seekingalpha.com/news/3834928,
SeekingAlpha,Colliers acquires U.K.-based Paragon Building Consultancy,https://seekingalpha.com/news/3834927,
SeekingAlpha,"Clene GAAP EPS of -$0.21, revenue of $0.03M",https://seekingalpha.com/news/3834926,
SeekingAlpha,LogicBio surges as FDA lifts clinical hold on lead asset,https://seekingalpha.com/news/3834925,
