feed,title,long_url,short_url
SeekingAlpha,"Sea EPS misses by $0.01, misses on revenue, raises guidance",https://seekingalpha.com/news/3636975,
SeekingAlpha,Stratasys Has A Tough Road Ahead,https://seekingalpha.com/article/4389602,
SeekingAlpha,Gatos Silver Inc.: Exciting Growth Outlook For New Pure-Play Silver Miner IPO,https://seekingalpha.com/article/4389609,
