feed,title,long_url,short_url
💰Barrons,AI Agents Should Scare Everyone,https://barrons.com/articles/rogue-ai-agents-crowdstrike-palo-alto-stock-a3ce8d02?mod=RTA,
