feed,title,long_url,short_url
Investing,Microsoft Slightly Overvalued - Strategic Pullback May Present Buying Opportunity,https://www.investing.com/analysis/microsoft-slightly-overvalued--strategic-pullback-may-present-buying-opportunity-200661866,https://da.gd/CgFEFt
Investing,"TSMC Joins Nvidia in UAE Push, Fueling Growth Outlook",https://www.investing.com/analysis/tsmc-joins-nvidia-in-uae-push-fueling-growth-outlook-200661864,https://da.gd/6B61k
