feed,title,long_url,short_url
Motley,"Is Ethereum Falling Below $1,600 a Red Flag or a Green Signal to Buy?",https://www.fool.com/investing/2026/06/05/is-ethereum-falling-below-1600-a-red-flag-or-a-gre/?source=iedfolrf0000001,
