feed,title,long_url,short_url
Benzinga,"Hip Replacement Devices Market to Grow by a Substantial CAGR of 5.04% Reaching USD 11.83 Billion by 2026, As per DelveInsight",https://benzinga.com/pressreleases/22/03/n25939041/hip-replacement-devices-market-to-grow-by-a-substantial-cagr-of-5-04-reaching-usd-11-83-billion-by,
