feed,title,long_url,short_url
SeekingAlpha,"Artivion Non-GAAP EPS of -$0.05, revenue of $76.8M",https://seekingalpha.com/news/3901443,
SeekingAlpha,"Chembio Diagnostics GAAP EPS of -$0.21, revenue of $11.2M",https://seekingalpha.com/news/3901442,
SeekingAlpha,"Americold Realty Trust FFO of $0.25 beats by $0.06, revenue of $757.78M misses by $9.99M",https://seekingalpha.com/news/3901441,
SeekingAlpha,Fuel Tech gets APC contracts in the U.S. worth $2.7M,https://seekingalpha.com/news/3901440,
SeekingAlpha,"Casa Systems Non-GAAP EPS of -$0.29, revenue of $66.9M",https://seekingalpha.com/news/3901439,
SeekingAlpha,Akebia reports mixed Q3 earnings; reaffirms FY22 Auryxia net product revenue guidance,https://seekingalpha.com/news/3901438,
SeekingAlpha,Why Bitcoin Is Better Than Gold,https://seekingalpha.com/article/4552764,
