feed,title,long_url,short_url
CryptoDailyUK,TEE Token: The New Paradigm in Cryptocurrency Trading,https://cryptodaily.co.uk/2023/09/tee-token-the-new-paradigm-in-cryptocurrency-trading,https://da.gd/vN92N
CryptoDailyUK,Optimism Selling $162 Million Worth Of OP Tokens In Private Sale,https://cryptodaily.co.uk/2023/09/optimism-selling-162-million-worth-of-op-tokens-in-private-sale,https://da.gd/EoS45
