feed,title,long_url,short_url
ETFTrends,How to Be Pragmatic with Your European Stock Selection,https://www.etftrends.com/multi-asset-channel/how-to-be-pragmatic-with-european-selection/,https://j.mp/3cyrYzu
