feed,title,long_url,short_url
💰Barrons,Tesla Sales in China Slump,https://barrons.com/articles/tesla-stock-price-china-sales-51660031897?mod=RTA,https://bit.ly/3p3tEGy
