feed,title,long_url,short_url
SeekingAlpha,"Associated Capital Group GAAP EPS of -$0.73, revenue of $2.58M",https://seekingalpha.com/news/3834029,
SeekingAlpha,Ventas Q1 highlights strength in resident fees and services,https://seekingalpha.com/news/3834028,
SeekingAlpha,Kontrol Technologies launches ATM equity program,https://seekingalpha.com/news/3834027,
SeekingAlpha,Stelco Holdings reports Q1 results,https://seekingalpha.com/news/3834026,
SeekingAlpha,Eupraxia Pharmaceuticals reports Q1 results,https://seekingalpha.com/news/3834025,
SeekingAlpha,"Ottawa Savings Bancorp GAAP EPS of $0.33, revenue of $3.36M",https://seekingalpha.com/news/3834024,
SeekingAlpha,"Swiss Water Decaffeinated Coffee GAAP EPS of $0.15, revenue of $38.4M",https://seekingalpha.com/news/3834023,
