feed,title,long_url,short_url
CoinDesk,Crypto Lender Voyager Received Single-Page Value Statement From Hedge Fund Three Arrows Capital,https://www.coindesk.com/business/2023/03/01/crypto-lender-voyager-received-single-page-value-statement-from-hedge-fund-three-arrows-capital/?utm_medium=referral&utm_source=rss&utm_campaign=headlines,https://da.gd/5HGOvD
