feed,title,long_url,short_url
SA,DBV Technologies EPS beats by $0.05,https://seekingalpha.com/news/3758548,
SA,[DLR] Digital Realty Trust boosts 2021 earnings guidance after Q3 beat,https://seekingalpha.com/news/3758546,
