feed,title,long_url,short_url
SeekingAlpha,Taboola signs long-term strategic partnership with Sliide,https://seekingalpha.com/news/3708714,
SeekingAlpha,ADC Therapeutics updates interim data in mid-stage Hodgkin lymphoma study,https://seekingalpha.com/news/3708713,
SeekingAlpha,WeWork partners with San Francisco to offer hybrid work resources,https://seekingalpha.com/news/3708712,
SeekingAlpha,"Aware, Iris ID team up to expand access to FBI's Next Generation Iris Service",https://seekingalpha.com/news/3708711,
SeekingAlpha,MetLife to originate $500M in new impact investment by 2030,https://seekingalpha.com/news/3708695,
