feed,title,long_url,short_url
Yahoo,Culture Shock: Google WFH Policy Cements New Normal,https://finance.yahoo.com/news/culture-shock-google-wfh-policy-230255596.html?.tsrc=rss,https://j.mp/39ApRYN
