feed,title,long_url,short_url
Investing,City in North Dakota now accepts cryptocurrency for utility payments,https://investing.com/news/-2506819,
