feed,title,long_url,short_url
SA,[wrby] Warby Parker is viewed favorably by Evercore ISI ahead of earnings,https://seekingalpha.com/news/4030799,
SA,"[plx] Protalix BioTherapeutics GAAP EPS of -$0.04 beats by $0.03, revenue of $10.35M beats by $2.71M",https://seekingalpha.com/news/4030797,
