feed,title,long_url,short_url
SA,[enz] Enzo Biochem GAAP EPS of $0.41,https://seekingalpha.com/news/4031179,
SA,[dar] Darling Ingredients Q3 2023 Earnings Preview,https://seekingalpha.com/news/4031178,
