feed,title,long_url,short_url
Motley,2 High-Yielding ETFs That Could Be Ideal Investments for Retirees,https://www.fool.com/investing/2024/07/26/2-high-yielding-etfs-that-could-be-ideal-investmen/?source=iedfolrf0000001,https://da.gd/jPW0v
