feed,title,long_url,short_url
SeekingAlpha,Strong U.S. GDP Rise For Q2 Derails Recession Forecasts... Again,https://seekingalpha.com/article/4707175,
SeekingAlpha,Lifeway Foods: Domestic Probiotic Growth Will Likely Lift Shares Higher,https://seekingalpha.com/article/4707145,
SeekingAlpha,PBDC: A Compelling Diversified BDC ETF Paying 9.3%,https://seekingalpha.com/article/4707134,
