feed,title,long_url,short_url
Bitcoin.com,"Russian Darknet Markets, Ransomware Groups Thrive Despite Sanctions, Report",https://news.bitcoin.com/russian-darknet-markets-ransomware-groups-thrive-despite-sanctions-report/,https://da.gd/ECw65
