feed,title,long_url,short_url
CoinQuora,"ETH Price Set to Break Out After Consolidation, Bulls in Control?",https://coinquora.com/eth-price-set-to-break-out-after-consolidation-bulls-in-control/,https://bit.ly/3PDiFQb
CoinQuora,"‘Whistleblowers’ Tag FTX CEO, Do Kwon as Masterminds of LUNA Crash",https://coinquora.com/whistleblowers-tag-ftx-ceo-do-kwon-as-masterminds-of-luna-crash/,https://bit.ly/3LMypgQ
