feed,title,long_url,short_url
SeekingAlpha,Rate Hike Blues? Fight Back With A 10.8% Yield: Apollo Commercial RE,https://seekingalpha.com/article/4491458,
