feed,title,long_url,short_url
Motley,What's the Best Way to Invest in Stocks Without Any Experience? Start With This Index Fund,https://www.fool.com/investing/2024/03/20/best-way-to-invest-in-stocks-without-experience/?source=iedfolrf0000001,https://da.gd/4z9ajY
