feed,title,long_url,short_url
Motley,2 No-Brainer Dividend Stocks to Buy Hand Over Fist,https://www.fool.com/investing/2026/02/13/2-no-brainer-dividend-stocks-to-buy-hand-over-fist/?source=iedfolrf0000001,
