feed,title,long_url,short_url
🔐Reuters,article with gallery,https://www.reuters.com/business/take-five/global-markets-themes-graphic-2023-11-24/,https://da.gd/p39VJI
