feed,title,long_url,short_url
SeekingAlpha,Nvidia's Q3 Earnings: A Display Of Robust Growth And Future Promise,https://seekingalpha.com/article/4654026,
