feed,title,long_url,short_url
r/pennystocks:25+,[OTC] Thanks to whoever posted about EEENF my penny stock portfolio is up for once haha! +433% is nuts!,https://redd.it/mkl86q,
