feed,title,long_url,short_url
Cointelegraph,What is Vulcan Forged (PYR) and how to make money playing it?,https://cointelegraph.com/news/what-is-vulcan-forged-pyr-and-how-to-make-money-playing-it,https://bit.ly/3OwlEsa
