feed,title,long_url,short_url
Coinfomania,Pi Network KYC Validators Set to Receive Rewards in March,https://coinfomania.com/pi-network-kyc-validators-set-to-receive-rewards-in-march/,
