feed,title,long_url,short_url
💰Barron's,Scammed by Your For-Profit School? You Could Soon Get Relief,https://www.barrons.com/articles/student-loans-relief-devry-for-profit-schools-51645110430?mod=RTA,https://bit.ly/36qxWlv
