feed,title,long_url,short_url
FXEmpire,Best ETFs to Buy for March 2022,https://www.fxempire.com/forecasts/article/best-etfs-to-buy-for-march-2022-902957,https://bit.ly/354lLKq
