feed,title,long_url,short_url
SeekingAlpha,"Lynas Rare Earths: The Storm Is Not Over, Yet",https://seekingalpha.com/article/4686995,
SeekingAlpha,Compound Your Wealth With These Undervalued Dividends,https://seekingalpha.com/article/4687005,
