feed,title,long_url,short_url
SeekingAlpha,Investec reports FY results,https://seekingalpha.com/news/3699009,
