feed,title,long_url,short_url
FXEmpire,Cambodia still searching for at least 10 Chinese missing from sunken boat,https://www.fxempire.com/news/article/cambodia-still-searching-for-at-least-10-chinese-missing-from-sunken-boat-1138248,https://bit.ly/3xOEaGo
