feed,title,long_url,short_url
SeekingAlpha,Google: Here's The Worst Case Scenario,https://seekingalpha.com/article/4542863,
