feed,title,long_url,short_url
MarketWatch,Need to Know: There’s something different about the meme-stock sequel,http://www.marketwatch.com/news/story.asp?guid=%7B20C05575-04D4-B545-7462-3A2BFBF444CB%7D&siteid=rss&rss=1,https://on.mktw.net/2RJKr4F
