feed,title,long_url,short_url
Investing,"Bessent Put, Economic Warfare and Fed Minutes",https://www.investing.com/analysis/bessent-put-economic-warfare-and-fed-minutes-200686184,
Investing,"Gold Soars, US Dollar Collapsed",https://www.investing.com/analysis/gold-soars-us-dollar-collapsed-200686191,
Investing,Middle East Oil Crisis Sends Supertanker Prices to Record Highs,https://www.investing.com/analysis/middle-east-oil-crisis-sends-supertanker-prices-to-record-highs-200686188,
