feed,title,long_url,short_url
Cointelegraph,Ethereum Merge to 'swamp' other coins with miners — Mining CEO,https://cointelegraph.com/news/ethereum-merge-to-swamp-other-coins-with-miners-mining-ceo,https://bit.ly/3TW6ujM
