feed,title,long_url,short_url
FXEmpire,Crude Oil Price Update – Traders Battling Demand Fears after OPEC-Led Rally Fizzles,https://www.fxempire.com/forecasts/article/crude-oil-price-update-traders-battling-demand-fears-after-opec-led-rally-fizzles-1115539,https://bit.ly/3ersy5w
