feed,title,long_url,short_url
SA,[oprx] OptimizeRx Q1 2026 Earnings Preview,https://seekingalpha.com/news/4590581,
SA,[epm] Evolution Petroleum Corporation Q3 2026 Earnings Preview,https://seekingalpha.com/news/4590580,
SA,[stxs] Stereotaxis Q1 2026 Earnings Preview,https://seekingalpha.com/news/4590605,
SA,[upxi] Upexi Q3 2026 Earnings Preview,https://seekingalpha.com/news/4590521,
SA,[fnv] Franco-Nevada Q1 2026 Earnings Preview,https://seekingalpha.com/news/4590804,
SA,[bgs] B&G Foods Q1 2026 Earnings Preview,https://seekingalpha.com/news/4590815,
SA,[dnn] Denison Mines Q1 2026 Earnings Preview,https://seekingalpha.com/news/4590806,
