feed,title,long_url,short_url
Yahoo,Iran Nuclear Deal Disagreements Spur ‘Moment of Truth’ in Munich,https://finance.yahoo.com/news/iran-nuclear-deal-disagreements-spur-170743037.html?.tsrc=rss,https://yhoo.it/36k4ZHz
