feed,title,long_url,short_url
💰Barrons,Oil Jumps as Russia Says It Will Cut Output in March,https://barrons.com/articles/brent-wti-crude-oil-price-russia-cut-output-1cefe1f7?mod=RTA,https://da.gd/WSP7zj
