feed,title,long_url,short_url
SeekingAlpha,EFA: Spotting Key Levels After The Monster Rally,https://seekingalpha.com/article/4577413,
