feed,title,long_url,short_url
Motley,Massive News: IonQ Just Moved Closer to Scalable Quantum Systems,https://www.fool.com/investing/2026/05/09/massive-news-ionq-just-moved-closer-to-scalable-qu/?source=iedfolrf0000001,
Motley,Want Safe Dividend Income in 2026 and Beyond? Invest in This Ultra-High-Yield Stock,https://www.fool.com/investing/2026/05/09/want-safe-dividend-income-invest-in-this-ultra/?source=iedfolrf0000001,
