feed,title,long_url,short_url
FXEmpire,Exclusive – Oil traders to cut Russian oil purchases from May 15 – sources,https://www.fxempire.com/news/article/exclusive-oil-traders-to-cut-russian-oil-purchases-from-may-15-sources-968042,https://bit.ly/36g06jm
FXEmpire,Ripple Lawsuit Victory Looms After Big Win Versus SEC,https://www.fxempire.com/news/article/ripple-lawsuit-victory-looms-after-big-win-versus-sec-968017,https://bit.ly/3viRlgK
FXEmpire,Generali investor Fondazione CRT says supports rebel shareholder’s plan for insurer,https://www.fxempire.com/news/article/generali-investor-fondazione-crt-says-supports-rebel-shareholders-plan-for-insurer-968041,https://bit.ly/3uCzLVQ
