feed,title,long_url,short_url
SeekingAlpha,Herzfeld Caribbean Basin Fund: My Highest Conviction Idea,https://seekingalpha.com/article/4677573,
SeekingAlpha,PDI: This Recovery Is Set To Continue (Rating Upgrade),https://seekingalpha.com/article/4677572,
