feed,title,long_url,short_url
SeekingAlpha,"Tesla Stock: I Was Wrong, But I'm Reiterating Sell",https://seekingalpha.com/article/4612602,
