feed,title,long_url,short_url
Investing,How to Pick the Right Gold ETF in 2025,https://www.investing.com/analysis/how-to-pick-the-right-gold-etf-in-2025-200668873,
Investing,2 Canadian Gold ETFs That Could Outperform the Sprott Physical Gold Trust,https://www.investing.com/analysis/2-canadian-gold-etfs-that-could-outperform-the-sprott-physical-gold-trust-200668872,
Investing,"Sharp Gold Sell-Off Sends Ripples Through Asia, Investors Eye Rebound",https://www.investing.com/analysis/sharp-gold-selloff-sends-ripples-through-asia-investors-eye-rebound-200668876,
Investing,Gold Fever Break Ends but Momentum Could Spark Next Rally,https://www.investing.com/analysis/gold-fever-break-ends-but-momentum-could-spark-next-rally-200668874,
Investing,"FTSE 100 today: Index up as September inflation steady; Barclays, Reckitt in focus",https://www.investing.com/news/stock-market-news/ftse-100-today-index-up-as-september-inflation-steady-barclays-reckitt-in-focus-4300745,
Investing,"European shares dip as investors gauge earnings, geopolitical jitters",https://www.investing.com/news/stock-market-news/european-shares-dip-as-investors-gauge-earnings-geopolitical-jitters-4300740,
Investing,Netflix's margin miss; Tesla to report; gold bounces - what's moving markets,https://www.investing.com/news/economy-news/netflixs-margin-miss-tesla-to-report-gold-bounces--whats-moving-markets-4300741,
Investing,UK investors add to BoE rate cut bets as inflation unexpectedly holds at 3.8%,https://www.investing.com/news/economy-news/uk-investors-add-to-boe-rate-cut-bets-as-inflation-unexpectedly-holds-at-38-4300728,
