feed,title,long_url,short_url
💰Barrons,Tesla Stock Falls Again to End a Wild Week. Why It Must Stay Above This Level.,https://barrons.com/articles/tesla-stock-price-today-china-cabaafec?mod=RTA,https://da.gd/ifZcCc
