feed,title,long_url,short_url
gNews,"Dow Jones Stock Markets: US Indices crash again after historic rally, Nasdaq worst hit - ET Now",https://news.google.com/rss/articles/CBMi0gFBVV95cUxPaUtWNUplRzlfSmIwemJFMFg5M0drZW9wbXlEX2sxTmNjVEFKMkVPcHFsTTgwMFlGNmtSUTEwUkFsTmhsRGN5YmdPSWZGU2JQR3UxZVlEQk1NdGVhVTUtbmFZREVIZFRVbS1Bdy0zWkdYZEF5Y0dlYkc5ZDdJZWlGLXNTd0NBX0JYVDNnS2pvOGx1U18tZGpjTEdrYXhIekN5c0JobGhhN3FrWW9Qb1hVdTNIcGpMa3lxS1NacE5qcUM0Y1RaQWhuNTBSQ2UwQng2aGfSAdcBQVVfeXFMTk52QzhsMU5Ua3pQS2oyMmk2R2xGVE1pa3E3YVFXSzJBbG0wMTJGYk43RWJvSGJtOUxOOFdQcEd2TURYVDRuOHc1MUZJaENQU1hRdEE4VEpGNVc4ZmZqQmQ4YXBOZDJ3MnJwb3RWTkVXSHZxX1RiM29ZZHNkWkFxVVJaYzFCRXhLMGYyalNXdk5fTXMzbjVQRlNpLW5UcUUtQ3hwU2dlTlk3WEJVYzBrXzlZNHExZnI0WUpXb054YUc0QmJDb1ZSYWh6UVpaN0d2d3plT2UyckE?oc=5,https://da.gd/wvkZ5
