feed,title,long_url,short_url
💰Barrons,The Bond Market’s Rout Is Bad News for the U.S. Economy,https://barrons.com/articles/bonds-markets-economy-81102fc0?mod=RTA,https://da.gd/TZl76v
