feed,title,long_url,short_url
💰Barrons,IBM Showcases Vision for Quantum With New Research. How Nvidia and AMD Fit in the Picture.,https://barrons.com/articles/ibm-quantum-research-nvidia-amd-0dd74344?mod=RTA,
