feed,title,long_url,short_url
Investing,Gold: Rally Exhaustion and Potential Correction Signals,https://www.investing.com/analysis/gold-rally-exhaustion-and-potential-correction-signals-200674088,
Investing,"US opens probe after Waymo self-driving vehicle strikes child near school, causing minor injuries",https://www.investing.com/news/stock-market-news/us-opens-probe-after-waymo-selfdriving-vehicle-strikes-child-near-school-causing-minor-injuries-4472169,
Investing,Riksbank holds rate at 1.75% amid geopolitical uncertainty,https://www.investing.com/news/economy-news/riksbank-holds-rate-at-175-amid-geopolitical-uncertainty-93CH-4472147,
