feed,title,long_url,short_url
SeekingAlpha,AMD Q1: It's Not As Bad As It Seems,https://seekingalpha.com/article/4690937,
