feed,title,long_url,short_url
InsiderMonkey,Best Bail Bond Companies in Each of the 30 Biggest Cities in the US,https://insidermonkey.com/blog/--1246528,
InsiderMonkey,5 Best Bail Bonds Companies in the Biggest Cities in the US,https://insidermonkey.com/blog/--1246641,
InsiderMonkey,30 Most Underrated Cities in the US,https://insidermonkey.com/blog/--1247379,
InsiderMonkey,5 Most Underrated Cities in the US,https://insidermonkey.com/blog/--1247388,
InsiderMonkey,20 Large US Cities with the Fewest Homes for Sale,https://insidermonkey.com/blog/--1246798,
InsiderMonkey,5 Large US Cities with the Fewest Homes for Sale,https://insidermonkey.com/blog/--1246803,
InsiderMonkey,5 Best Places to Live in the World for the Weather,https://insidermonkey.com/blog/--1247581,
