feed,title,long_url,short_url
SeekingAlpha,BTRY For Battery,https://seekingalpha.com/article/4640145,
