feed,title,long_url,short_url
CryptoNewsFlash,Stellar Community Fund Kicks Off Growth Hack Cohort Focused on Real-World Adoption,https://crypto-news-flash.com/stellar-comm-fund-growth-hack-cohort/,
