feed,title,long_url,short_url
ZeroHedgeRU,IceCap Asset Management: The Story Of The Year,https://www.zerohedge.com/markets/icecap-asset-management-story-year,https://j.mp/3fDFHqa
