feed,title,long_url,short_url
gNews,Tuesday's big stock stories: What’s likely to move the market in the next trading session - CNBC,https://news.google.com/rss/articles/CBMimwFBVV95cUxPQ2llVHhDb0dLTHBRTEx6YzVXY1FmVFdGYnIwLXA1U2xXV1o5MjJKOHJYM3Zlbzl0MjUzLWJCTnRpSTdWcXBlS2ZDb2tvbEl3aHZLYUQ1TU5RZEtsdGNoZElJLWU1TlpZQ0dUaDZCN1hhZGVsc3FSLWhickFOT3R6bUdaSm5lX2RvMzVmVXpqVWF1SV9uSVlPYjVuVdIBoAFBVV95cUxNcWc3YWFlQVc2TlRMejhiLW1TSFJOcnYtZXhfOVlPdldZeWNyVXI0S0UxSW9jOWNXcjA4Um5pUUV2dDVrSHZ0Tk1uM1lMS2FHYnBiTnFJandDQWhRdlJxRVRwcDh2WkZGSVFwYlY3NGxPSVhGMHZDSWdWNlZHNklkZFhYU3c1enJPR3ZRU1FLYzVHSF95cFdNUWVYU3ZGRGl0?oc=5,https://da.gd/HWVff
