feed,title,long_url,short_url
Motley,Will Costco Be a $1 Trillion Company By 2030?,https://www.fool.com/investing/2024/10/29/will-costco-be-a-1-trillion-company-by-2030/?source=iedfolrf0000001,https://da.gd/89fiW
