feed,title,long_url,short_url
Investing,Factbox-How likely is a Bank of Japan rate hike this week?,https://www.investing.com/news/economy-news/factboxhow-likely-is-a-bank-of-japan-rate-hike-this-week-3826041,https://da.gd/6Ic2Q
