feed,title,long_url,short_url
💰Barrons,Palantir in ’Sweet Spot’ for Federal AI Spending. These Analysts Are Bullish on the Stock.,https://barrons.com/articles/palantir-stock-ai-trump-73638f09?mod=RTA,https://da.gd/jyCoCx
