feed,title,long_url,short_url
Coinfomania,Grayscale Research Confirms Zcash’s Cross-Chain Potential,https://coinfomania.com/grayscale-research-confirms-zcashs-cross-chain-potential/,
