feed,title,long_url,short_url
Motley,2 Artificial Intelligence (AI) Stocks You Can Buy and Hold for the Next Decade,https://www.fool.com/investing/2024/04/08/2-artificial-intelligence-ai-stocks-you-can-buy-an/?source=iedfolrf0000001,https://da.gd/g8yf3
