feed,title,long_url,short_url
FXEmpire,Oil Price Fundamental Daily Forecast – Rumors of Increased China Buying Helps Erase Supply-Driven Weakness,https://www.fxempire.com/forecasts/article/oil-price-fundamental-daily-forecast-rumors-of-increased-china-buying-helps-erase-supply-driven-weakness-782738,https://j.mp/3D2O9bn
