feed,title,long_url,short_url
Reuters,Fitch says U.S. sovereign rating pressured by debt limit brinkmanship,https://reuters.com/article/idUSL4N2QX2FP,
