feed,title,long_url,short_url
SeekingAlpha,Bulls 'Buy The Dip' But Is The Risk Really Over?,https://seekingalpha.com/article/4441216,
