feed,title,long_url,short_url
Nasdaq,4 Moves to Ensure You're a Retirement Multimillionaire,https://www.nasdaq.com/articles/4-moves-to-ensure-youre-a-retirement-multimillionaire-2021-07-25,https://j.mp/3eTDndL
