feed,title,long_url,short_url
CNBC,Goldman says tech stock 'up crash' is sign of even more gains to come,https://www.cnbc.com/2026/05/14/goldman-says-tech-stock-up-crash-is-sign-of-even-more-gains-to-come.html,
