feed,title,long_url,short_url
Investing,5 NFT-based blockchain games that could soar in 2022,https://investing.com/news/-2734131,
