feed,title,long_url,short_url
gNews,Positive surprises that stock market participants expect from Budget 2022 - Mint,https://www.livemint.com/budget/expectations/budget-2022-expectations-from-stock-market-participants-11642756675886.html,https://bit.ly/3nNFTHc
