feed,title,long_url,short_url
Benzinga,Why Owlet Shares Are Exploding Higher Tuesday,https://benzinga.com/news/23/02/30986042/why-owlet-shares-are-exploding-higher-tuesday,https://da.gd/Pc16K6
Benzinga,Why BioCryst Pharmaceuticals Stock Is Sliding Today,https://benzinga.com/news/earnings/23/02/30985934/why-biocryst-pharmaceuticals-stock-is-sliding-today,https://da.gd/iEkuo
