feed,title,long_url,short_url
AmbCrypto,Pump.fun – Will $7.57M whale transfer trigger more PUMP losses?,https://ambcrypto.com/pump-fun-will-7-57m-whale-transfer-trigger-more-pump-losses/,
