feed,title,long_url,short_url
SA,"[for] Forestar Group GAAP EPS of $0.32 misses by $0.34, revenue of $250.4M misses by $78.39M",https://seekingalpha.com/news/4396608,
SA,[mmm] 3M Non-GAAP EPS of $1.68 beats by $0.14; initiates FY25 outlook,https://seekingalpha.com/news/4396607,
SA,"[mmm] 3M Non-GAAP EPS of $1.68 beats by $0.14, revenue of $5.8B misses by $50M",https://seekingalpha.com/news/4396605,
