feed,title,long_url,short_url
SeekingAlpha,Invesco BulletShares 2029 Municipal Bond ETF declares monthly distribution of $0.0533,https://seekingalpha.com/news/3949009,
SeekingAlpha,Luduson G to invest $5M in Metasense,https://seekingalpha.com/news/3949008,
SeekingAlpha,"Hot Stocks: AMZN dips on job cuts; PDD falls; NRG, THS get boost from analyst comments",https://seekingalpha.com/news/3949006,
SeekingAlpha,Invesco BulletShares 2029 Corporate Bond ETF declares monthly distribution of $0.0551,https://seekingalpha.com/news/3949007,
SeekingAlpha,Invesco BulletShares 2028 Municipal Bond ETF declares monthly distribution of $0.0522,https://seekingalpha.com/news/3949005,
SeekingAlpha,Invesco BulletShares 2028 High Yield Corporate Bond ETF declares monthly distribution of $0.1228,https://seekingalpha.com/news/3949004,
