feed,title,long_url,short_url
SeekingAlpha,CyberArk upgraded ahead of recovery,https://seekingalpha.com/news/3588743,
SeekingAlpha,SG Blocks wins $4M hospitality manufacturing contract,https://seekingalpha.com/news/3588742,
SeekingAlpha,New Fortress Energy pares future LNG supply costs,https://seekingalpha.com/news/3588741,
SeekingAlpha,Churchill Downs shuts down Miami-area casino,https://seekingalpha.com/news/3588740,
