feed,title,long_url,short_url
SeekingAlpha,The Nasdaq Worst Case Scenario,https://seekingalpha.com/article/4564426,
SeekingAlpha,Taiwan Semiconductor: A Great Deal Amid Political Crisis,https://seekingalpha.com/article/4564425,
