feed,title,long_url,short_url
ZeroHedgeRU,"Twitter Account Tracking Elon Musk's Private Jet ""Suspended""",https://www.zerohedge.com/markets/twitter-account-tracking-elon-musks-private-jet-suspended,https://da.gd/dNcns
ZeroHedgeRU,"Ron Paul: Mother Of All Economic Crisis Will Lead To ""Social Unrest & Violence""",https://www.zerohedge.com/markets/ron-paul-mother-all-economic-crisis-will-lead-social-unrest-violence,https://da.gd/8Qv5
