feed,title,long_url,short_url
NewsBTC,Quant Shows Potential For Surge Beyond $150 Marker – Can QNT Hit Its Target?,https://newsbtc.com/news/quant-shows-potential-for-a-surge-beyond-the-150-marker/,https://bit.ly/3VCfVFh
