feed,title,long_url,short_url
gNews,My Top Hidden Gem AI Stock to Buy in June (and Its Not Even Close) - The Motley Fool,https://news.google.com/rss/articles/CBMiWmh0dHBzOi8vd3d3LmZvb2wuY29tL2ludmVzdGluZy8yMDIzLzA2LzA2L215LXRvcC1oaWRkZW4tZ2VtLWFpLXN0b2NrLXRvLWJ1eS1pbi1qdW5lLWRlZXJlL9IBAA?oc=5,https://da.gd/5jhT
