feed,title,long_url,short_url
Benzinga,"Beyond Nvidia's Share Price, Here's How To Yield $500 Per Month From Its Stock",https://benzinga.com/news/large-cap/23/06/32749420/beyond-nvidias-share-price-heres-how-to-yield-500-per-month-from-its-stock,https://da.gd/ovVF
