feed,title,long_url,short_url
SA,"[ddd] 3D Systems GAAP EPS of -$2.30, revenue of $114.85M",https://seekingalpha.com/news/4072787,
