feed,title,long_url,short_url
SA,"[gsat] Globalstar GAAP EPS of -$0.01, revenue of $52.41M beats by $0.5M",https://seekingalpha.com/news/4072973,
