feed,title,long_url,short_url
SA,[trow] T. Rowe Price Q1 2026 Earnings Preview,https://seekingalpha.com/news/4581778,
SA,"[sp500] Global earnings growth outpaces U.S. despite AI focus, Fidelity’s Timmer says",https://seekingalpha.com/news/4581773,
SA,[nnn] NNN REIT Q1 2026 Earnings Preview,https://seekingalpha.com/news/4581777,
