feed,title,long_url,short_url
SeekingAlpha,Fixed-Income Outlook 2023: Finding Equilibrium,https://seekingalpha.com/article/4567701,
