feed,title,long_url,short_url
SeekingAlpha,Pioneer Natural Resources: 10% Total Yield And Rising,https://seekingalpha.com/article/4567805,
SeekingAlpha,10 Potential 10x Return Stocks For The Next 10 Years,https://seekingalpha.com/article/4567804,
SeekingAlpha,ASEAN Manufacturing Outlook For 2023 Softens As Demand Remains Lackluster,https://seekingalpha.com/article/4567803,
