feed,title,long_url,short_url
Motley,What Are Intangible Assets and What Do They Mean for Investors?,https://www.fool.com/investing/2023/10/09/what-are-intangible-assets-and-what-do-they-mean-f/?source=iedfolrf0000001,https://da.gd/9UCm8n
