feed,title,long_url,short_url
Motley,3 Artificial Intelligence (AI) Stocks That Could Make You a Millionaire,https://www.fool.com/investing/2025/08/01/3-artificial-intelligence-ai-stocks-that-could-mak/?source=iedfolrf0000001,
