feed,title,long_url,short_url
SeekingAlpha,Apple Continues To Defy Logic With Slowing Growth And High Valuation,https://seekingalpha.com/article/4614725,
