feed,title,long_url,short_url
InvestorPlace,3 Fintech Stocks That Don’t Deserve the Beat-Down,https://investorplace.com/2023/05/3-fintech-stocks-that-dont-deserve-the-beat-down/,https://da.gd/Ow7dr7
InvestorPlace,3 Chinese Stocks to Buy Before They Skyrocket in 2023,https://investorplace.com/2023/05/3-chinese-stocks-to-buy-before-they-skyrocket-in-2023/,https://da.gd/wWp7zN
InvestorPlace,META Stock: A Bullish Bet on AI or a Ticking Time Bomb?,https://investorplace.com/2023/05/meta-stock-a-bullish-bet-on-ai-or-a-ticking-time-bomb/,https://da.gd/nducE
InvestorPlace,7 Stocks to Buy for This ‘Washing Machine’ Market,https://investorplace.com/market360/2023/05/7-stocks-to-buy-for-this-washing-machine-market/,https://da.gd/VTpjo1
InvestorPlace,Why Rivian Stock Looks Destined to Stay a Junkyard Dog,https://investorplace.com/market360/2023/05/will-rivn-stock-soon-ride-out-of-the-junkyard-no-so-fast/,https://da.gd/sYFwk
InvestorPlace,3 Penny Stocks to Make You the Millionaire Next Door,https://investorplace.com/2023/05/3-penny-stocks-to-make-you-the-millionaire-next-door-atai-srneq-rigl/,https://da.gd/kURnc
InvestorPlace,Hydrogen Hope Is Not Enough to Power PLUG Stock,https://investorplace.com/market360/2023/05/hydrogen-hope-wont-likely-keep-plug-stock-afloat/,https://da.gd/VNFNq
InvestorPlace,3 Profitable Small-Cap Growth Stocks to Buy Now,https://investorplace.com/2023/05/3-profitable-small-cap-growth-stocks-to-buy-now/,https://da.gd/6j7vI
