feed,title,long_url,short_url
InsiderMonkey,15 Best High Yield Energy Stocks to Buy Right Now,https://insidermonkey.com/blog/--1729522,
InsiderMonkey,5 Best High Yield Energy Stocks to Buy Right Now,https://insidermonkey.com/blog/--1729523,
InsiderMonkey,11 Best Marijuana Stocks to Buy Right Now,https://insidermonkey.com/blog/--1729177,
InsiderMonkey,5 Best Marijuana Stocks to Buy Right Now,https://insidermonkey.com/blog/--1729178,
InsiderMonkey,10 Best Cheap Stocks Under $10 to Buy Now in April,https://insidermonkey.com/blog/--1729362,
InsiderMonkey,5 Best Cheap Stocks Under $10 to Buy Now in April,https://insidermonkey.com/blog/--1729396,
InsiderMonkey,7 Most Undervalued Retail Stocks to Invest In Now,https://insidermonkey.com/blog/--1728163,
InsiderMonkey,5 Most Undervalued Retail Stocks to Invest In Now,https://insidermonkey.com/blog/--1728179,
InsiderMonkey,7 Best Pharma Stocks to Invest In Now,https://insidermonkey.com/blog/--1728160,
InsiderMonkey,5 Best Pharma Stocks to Invest In Now,https://insidermonkey.com/blog/--1728178,
