feed,title,long_url,short_url
SeekingAlpha,Ball rallies as demand for aluminum beverage cans outstrips supply,https://seekingalpha.com/news/3792558,
