feed,title,long_url,short_url
CNBC,"Stocks making the biggest moves after hours: Robinhood, Apple, Visa and more",https://www.cnbc.com/2022/01/27/stocks-making-the-biggest-moves-after-hours-robinhood-apple-visa-and-more.html,https://cnb.cx/3GcAu2t
