feed,title,long_url,short_url
Investing,"Japan’s top banks to get access to Anthropic AI model Mythos, Nikkei reports",https://www.investing.com/news/stock-market-news/japans-top-banks-to-get-access-to-anthropic-ai-model-mythos-nikkei-reports-4683128,
Investing,US ICE official who worked at private prison firm will be agency’s new acting head,https://www.investing.com/news/stock-market-news/us-ice-official-who-worked-at-private-prison-firm-will-be-agencys-new-acting-head-4683127,
Investing,"New Zealand inflation expectations rise in Q2, central bank survey shows",https://www.investing.com/news/economy-news/new-zealand-inflation-expectations-rise-in-q2-central-bank-survey-shows-4683130,
