feed,title,long_url,short_url
SeekingAlpha,IPO Update: Snowflake Attempts High Valuation At IPO,https://seekingalpha.com/article/4373366,
