feed,title,long_url,short_url
Benzinga,"Diabetes Drugs Market Size 2021 | Is Projected to Reach USD 78261.1 Million by 2026, Exhibiting a CAGR of 6.1%",https://benzinga.com/pressreleases/21/05/g21254443/diabetes-drugs-market-size-2021-is-projected-to-reach-usd-78261-1-million-by-2026-exhibiting-a-cag,
Benzinga,Video Streaming Market to Register a CAGR of 12.0%; Launch of Elemental Link by Amazon Web Services to Intensify Growth: Says Fortune Business Insights™,https://benzinga.com/pressreleases/21/05/g21254453/video-streaming-market-to-register-a-cagr-of-12-0-launch-of-elemental-link-by-amazon-web-services-,
