feed,title,long_url,short_url
SA,"[ABNB] Uber Q3 Earnings: Still A Buy, On Track To Reaccelerate Gross Bookings",https://seekingalpha.com/article/4648713,
