feed,title,long_url,short_url
gNews,"34-Year-Old Saying 'Bye Bye Work' After Reaching $2,400 Per Month in Dividend Income: Top 8 Stocks in His Portfolio - Yahoo Finance",https://news.google.com/rss/articles/CBMidkFVX3lxTE0wYk1Cd2w3T09KSTlFQjUwdkR5am5KUXZTZnNrR19XbWFwaGlIbV80UkU5bW5IdDUxUTRnS1VsZUhNeWl6Xzg5NXZhSmdsRmlxOXFtcGJ0QU1BbktQdlAxS0pQeTZ3SU5BX1ZQMUowVVNwTUZ4blE?oc=5,https://da.gd/OHkhDK
