feed,title,long_url,short_url
TMF,Don't Buy Cronos Group Stock Until You See This,https://www.fool.com/investing/2020/09/25/dont-buy-cronos-group-stock-until-you-see-this/?source=iedfolrf0000001,https://j.mp/3322iqg
