feed,title,long_url,short_url
💰Barrons,Lululemon Stock Scores Biggest Surge Since 2008. Wall Street Cheers as Sales Surprise.,https://barrons.com/articles/lululemon-stock-earnings-sales-f9f45386?mod=RTA,https://da.gd/GFqqF9
