feed,title,long_url,short_url
SeekingAlpha,Nvidia And AMD: AI Updates From Taiwan Semiconductor's Q2 Earnings,https://seekingalpha.com/article/4618825,
SeekingAlpha,Jazz Pharmaceuticals: Xywav Debate Continued Drag On Equity Performance,https://seekingalpha.com/article/4618824,
SeekingAlpha,AbbVie: Loss Of Exclusivity Is A Natural End Process,https://seekingalpha.com/article/4617664,
