feed,title,long_url,short_url
gNews,For Exhausted Stock Market Pros the Choice Is Buy or Stay Home - Bloomberg,https://news.google.com/rss/articles/CBMiswFBVV95cUxQNjA5RlJaUHY2Tk4xRXQ3dlJkYkllOXFGdjhGV0hpam1NYUR6WmhVSG93VTl4U0NfOWpfWnBtdGJMUS13VHotakYzdEFhamlpLVB4TzhEQlB2UlpWMlR1cnItckZJRFA4LVM2VEY3N2taeEtSUmlUcXRKaVllall0NENlS2JZU2kxcm9QUXBfMGtIV3gxaGd5dG41cGs5R2NBNUYzLTRUWXloZngtaTlPZWVncw?oc=5,https://da.gd/tO7Ymt
