feed,title,long_url,short_url
💰Barrons,Meta's Biggest-Ever Data Center Could Lift These 5 Companies,https://barrons.com/articles/meta-data-center-louisiana-entergy-8f9bf47e?mod=RTA,https://da.gd/VcP6Uv
