feed,title,long_url,short_url
ETFTrends,Bargains on International Stock ETFs Point to ‘PXF’,https://www.etftrends.com/etf-education-channel/bargains-on-international-etfs-point-to-pxf/,https://j.mp/3n6HxSB
