feed,title,long_url,short_url
SA,"[TAP] Constellation Brands: The Earnings Floor Is Holding, But Beer Demand Is Not Yet Back",https://seekingalpha.com/article/4923987,
