feed,title,long_url,short_url
Motley,3 Growth Stocks That Could Underwhelm as the Economy Opens Back Up,https://www.fool.com/investing/2021/07/06/3-growth-stocks-that-could-underwhelm-as-the-econo/?source=iedfolrf0000001,https://j.mp/2V3V0k2
Motley,Bitcoin vs. Ethereum: Which One Is the Right Investment for You?,https://www.fool.com/investing/2021/07/06/bitcoin-vs-ethereum-which-one-is-the-right-investm/?source=iedfolrf0000001,https://j.mp/2UuDvsP
Motley,MongoDB Has Growth Opportunities Beyond the Database,https://www.fool.com/investing/2021/07/06/mongodb-has-growth-opportunities-beyond-the-databa/?source=iedfolrf0000001,https://j.mp/3wno433
