feed,title,long_url,short_url
SeekingAlpha,"Bad News - Fed May Have 6 Rate Hikes, Good News - We May Have 6 Rate Hikes; How To Trade It",https://seekingalpha.com/article/4496706,
