feed,title,long_url,short_url
FXEmpire,May WTI Oil: Next Major Target Zone is $109.31 – $113.35,https://www.fxempire.com/forecasts/article/may-wti-oil-next-major-target-zone-is-109-31-113-35-941388,https://bit.ly/3qnmo9E
