feed,title,long_url,short_url
Yahoo,Meridian Bioscience and NeuroPace have been highlighted as Zacks Bull and Bear of the Day,https://finance.yahoo.com/news/meridian-bioscience-neuropace-highlighted-zacks-114911040.html?.tsrc=rss,https://yhoo.it/3IwSzJU
