feed,title,long_url,short_url
CryptoDailyUK,"Metaverse cryptocurrency with the potential to go 100% Enjin Coin (ENJ), Theta Network (THETA), and Parody Coin (PARO)",https://cryptodaily.co.uk/2022/04/metaverse-cryptocurrency-with-the-potential-to-go-100-enjin-coin-enj-theta-network-theta-and-parody-coin-paro,https://bit.ly/35Y7uje
