feed,title,long_url,short_url
ETFdb,The Fed Reins In Mortgage-Backed Securities Holdings,https://etfdb.com/fixed-income-channel/the-fed-reins-in-mortgage-backed-securities-holdings/,https://bit.ly/3jhcqCH
ETFdb,Looking to Buy Dips in the Nasdaq 100? Try QQQM,https://etfdb.com/nasdaq-portfolio-solutions-channel/looking-to-buy-dips-in-the-nasdaq-100-try-qqqm/,https://bit.ly/3753mym
