feed,title,long_url,short_url
Coinfomania,ONE on Fire: 9.83% Surge as Market Dynamics Shift,https://coinfomania.com/one-on-fire-9-83-surge-as-market-dynamics-shift/,
