feed,title,long_url,short_url
Barron's,Dow Gains but Can’t Keep Pace With Nasdaq Composite,https://www.barrons.com/articles/dow-jones-industrial-average-gains-but-cant-keep-pace-with-nasdaq-composite-51596495891?mod=RTA,https://j.mp/39TfJKM
