feed,title,long_url,short_url
DailyHodl,Geode Lists GEODE Coin on BitMart.com as Part of Ongoing Decentralized Infrastructure Expansion,https://dailyhodl.com/2025/12/15/geode-lists-geode-coin-on-bitmart-com-as-part-of-ongoing-decentralized-infrastructure-expansion/,
