feed,title,long_url,short_url
SA,"[ppc] Pilgrim's Pride Non-GAAP EPS of $0.68 misses by $0.08, revenue of $4.52B beats by $130M",https://seekingalpha.com/news/4550747,
SA,[alb] Earnings Snapshot: Albemarle posts mixed Q4 results,https://seekingalpha.com/news/4550741,
