feed,title,long_url,short_url
MarketWatch,IceCure Medical stock price target cut to $9.50 from $14.50 at Alliance Global,http://www.marketwatch.com/tools/quotes/quotes.asp?symb=ICCM&siteid=rss,https://on.mktw.net/3fqoQWQ
