feed,title,long_url,short_url
Motley,Could GLP-1 Drugs Potentially Help Treat Cancer? 1 Promising Study Suggests They Might,https://www.fool.com/investing/2025/07/26/could-glp-1-drugs-potentially-help-treat-cancer-1/?source=iedfolrf0000001,
