feed,title,long_url,short_url
SeekingAlpha,Rivian: Why I'm Not Impressed,https://seekingalpha.com/article/4682284,
SeekingAlpha,Investing In Real Estate Through REITs,https://seekingalpha.com/article/4682291,
