feed,title,long_url,short_url
Benzinga,Why Semantix Stock (STIX) Is Getting Hammered,https://benzinga.com/news/24/04/38111466/why-semantix-stock-stix-is-getting-hammered,https://da.gd/hlNNml
