feed,title,long_url,short_url
Cointelegraph,Terraform Labs was ‘built on lies’ — SEC at trial,https://cointelegraph.com/news/terraform-labs-lies-sec-trial,https://da.gd/Inr6
