feed,title,long_url,short_url
InsiderMonkey,Motorola Solutions Close to $4.5 Billion Deal to Buy Silvus,https://insidermonkey.com/blog/--1538777,
InsiderMonkey,Trump to Extend Chevron’s License to Operate in Venezuela,https://insidermonkey.com/blog/--1538725,
InsiderMonkey,Shopify Inc. (SHOP) Launches AI Store Builder for Merchants as Part of Latest Updates,https://insidermonkey.com/blog/--1538726,
InsiderMonkey,Crown Castle Inc. (CCI) Trims Dividend by 32%,https://insidermonkey.com/blog/--1538760,
InsiderMonkey,China’s GPRIMG Enters Long-Term LNG Supply Agreement with ConocoPhillips,https://insidermonkey.com/blog/--1538733,
InsiderMonkey,"Truist Slashes Price Target on VF Corporation (VFC) After Q4 Report, Maintains Hold Rating",https://insidermonkey.com/blog/--1538736,
InsiderMonkey,UBS Keeps Buy Rating on MSCI with $655 Price Target,https://insidermonkey.com/blog/--1538737,
InsiderMonkey,Culper Research Shorts Archer Aviation (ACHR) Stock- Here’s Why,https://insidermonkey.com/blog/--1537416,
InsiderMonkey,"Citi Upgrades Air Lease (AL) stock, Lifts PT to $68",https://insidermonkey.com/blog/--1537463,
InsiderMonkey,"Evercore ISI Upgrades Hewlett Packard Enterprise (HPE) Stock, Increases PT",https://insidermonkey.com/blog/--1537602,
