feed,title,long_url,short_url
🔐MarketWatch,Dow Jones Newswires: South Korea’s L&F signs $2.9 billion supply deal with Tesla,http://www.marketwatch.com/news/story.asp?guid=%7B20C0C4D5-7425-4434-F126-637895A4F39A%7D&siteid=rss&rss=1,https://da.gd/VshwTB
