feed,title,long_url,short_url
Coinfomania,"Make High Returns with Collateral Network (COLT), Orbeon Protocol (ORBN) and TRON (TRX)",https://coinfomania.com/make-high-returns-with-collateral-network-colt-orbeon-protocol-orbn-and-tron-trx/,https://da.gd/9CACUW
