feed,title,long_url,short_url
💰Barrons,The Market Had Another Great Week—but Trouble Still Lurks,https://barrons.com/articles/stock-market-news-last-week-7589f9ce?mod=RTA,https://da.gd/bsXiQp
