feed,title,long_url,short_url
CryptoNewsFlash,"All Sports Memecoin XYZVerse (XYZ) Primed to Soar 17,500% Pre-Listing, Outpacing Shiba Inu and Dogecoin",https://crypto-news-flash.com/all-sports-memecoin-xyzverse-xyz-primed-to-soar-17500-pre-listing-outpacing-shiba-inu-and-dogecoin/,
