feed,title,long_url,short_url
CryptoDailyUK,Top 4 Altcoins Set for Massive Growth in the Months Ahead: Best Picks for Altseason,https://cryptodaily.co.uk/2024/11/top-4-altcoins-set-for-massive-growth-in-the-months-ahead-best-picks-for-altseason,https://da.gd/bvnRk
