feed,title,long_url,short_url
Yahoo,3 Incredibly Cheap Financial Stocks to Buy Now,https://finance.yahoo.com/news/3-incredibly-cheap-financial-stocks-132000176.html,https://da.gd/0RvTsq
