feed,title,long_url,short_url
Barron's,An OPEC 'Failure' Looks Bullish for Oil Prices,https://www.barrons.com/articles/an-opec-failure-looks-bullish-for-oil-prices-51643818952?mod=RTA,https://bit.ly/3ulihxJ
