feed,title,long_url,short_url
MarketWatch,Cellectar Biosciences started at buy with $3 stock price target at Maxim Group,http://feeds.marketwatch.com/~r/marketwatch/realtimeheadlines/~3/KlsRTXrjBwU/quotes.asp,https://j.mp/3fQtkEC
