feed,title,long_url,short_url
Benzinga,Corr: SpareBank 1 SMN: Presentation of 4th Quarter 2020 accounts,https://www.benzinga.com/pressreleases/21/01/tr19271395/corr-sparebank-1-smn-presentation-of-4th-quarter-2020-accounts,https://j.mp/39X9J3Z
Benzinga,"Global Wood Coatings Market Report 2020-2028: Applications, Growth Trends, Key Players, Competitive Strategies and Forecasts",https://www.benzinga.com/pressreleases/21/01/g19271389/global-wood-coatings-market-report-2020-2028-applications-growth-trends-key-players-competitive-st,https://j.mp/2Mityur
Benzinga,Mobile Crusher and Screener Market Forecast to 2027 - COVID-19 Impact and Global Analysis By Type and End User,https://www.benzinga.com/pressreleases/21/01/g19271380/mobile-crusher-and-screener-market-forecast-to-2027-covid-19-impact-and-global-analysis-by-type-an,https://j.mp/39SY4DA
Benzinga,"Advanced Antibodies, 2020 Report Profiles Key Companies Which are Highly Innovative and Primed for Growth in the Near Term - ResearchAndMarkets.com",https://www.benzinga.com/pressreleases/21/01/b19271379/advanced-antibodies-2020-report-profiles-key-companies-which-are-highly-innovative-and-primed-for-,https://j.mp/3c20SRx
Benzinga,Global 5G Core Market (2020 to 2025) - Cloud-Native and Service-Based Architecture Is Driving Growth - ResearchAndMarkets.com,https://www.benzinga.com/pressreleases/21/01/b19271364/global-5g-core-market-2020-to-2025-cloud-native-and-service-based-architecture-is-driving-growth-r,https://j.mp/3iFYoJF
