feed,title,long_url,short_url
gNews,Stock market today: Wall Street pulls closer to records after retailers top profit forecasts - The Caledonian-Record,https://news.google.com/rss/articles/CBMilwJBVV95cUxPdFJLeDRPT3NGeTZldFY5LUxUS094bEtYUGJMUDRjbFFtbTRnWHM0N1dpTGM0ZUVHcDZKR20zaUxuS0FVMnVaWlZfdG81UHpQOTZmWkhrWVlSM1kyWHdxUFNPRzIyai10cFZseDlvZVdnRHB1X2pIVUMtaVJTQTdmRWc3VVptS0pxdzQ0UUdaODNnUFlHdUtPd2xpQjFQZDlvTFBLZTlwR2RSWjJoZWptOWFTdnFkVm9OM1duMkpkVzk2V3hxRWxxT1I0bmZwaWwyRk81WjNEUnZPcnBJcWJRV2pvQlJDekNGdVNXTDFrUmx2OWcwQ1BzdFV1VFp2WmhJN2ltVXFkcDkySGM4b3oxSjdQaFdmblk?oc=5,https://da.gd/biYeU6
