feed,title,long_url,short_url
gNews,Fermi IPO: Price Looks Like a Risky Bet on AI Power; Stock to Trade Wednesday - Barron's,https://news.google.com/rss/articles/CBMiekFVX3lxTFBTQVpvaFg2Uk9OdEFQU2wwbVFIV3BaY1Y0clVtVlY1el9tZWh1SkJsaDFoRUVGcVVoT3FHbWFXY1IxdTM1SXdKd1hVamNXck56QnJ4aGRGN1E3SldwS2dFMGVzVXlnM2VZZWZveE1qanYzR3hsbkkxSENn?oc=5,
