feed,title,long_url,short_url
TMF,1 Reason I'll Never Sell W.P. Carey,https://www.fool.com/investing/2020/07/15/1-reason-ill-never-sell-wp-carey.aspx?source=iedfolrf0000001,https://j.mp/32lPHOK
TMF,Look for Acquisition Targets as Bank M&A Activity Picks Up,https://www.fool.com/investing/2020/07/15/look-for-acquisition-targets-as-bank-ma-picks-up.aspx?source=iedfolrf0000001,https://j.mp/3iZdIRz
TMF,3 Reasons to Buy Netflix Stock Right Now,https://www.fool.com/investing/2020/07/15/3-reasons-to-buy-netflix-stock-right-now.aspx?source=iedfolrf0000001,https://j.mp/32hMek8
TMF,5 Important Things Jamie Dimon Said on JPMorgan Chase's Q2 Earnings Call,https://www.fool.com/investing/2020/07/15/5-things-jpmorgan-chase-ceo-jamie-dimon-had-to-say.aspx?source=iedfolrf0000001,https://j.mp/32fdNKW
TMF,What Would Ant Financial’s Potential IPO Mean for Alibaba’s Investors?,https://www.fool.com/investing/2020/07/15/what-would-ant-financials-potential-ipo-mean-for-a.aspx?source=iedfolrf0000001,https://j.mp/2OsFWpK
