feed,title,long_url,short_url
SeekingAlpha,"Avalara: For Tax Day, Consider This Compliance Giant",https://seekingalpha.com/article/4358614,
