feed,title,long_url,short_url
CryptoNewsFlash,Brazil Leads the Way with XRPH11 — First Spot XRP ETF in the World!,https://crypto-news-flash.com/brazil-leads-the-way-with-xrph11-first-spot-xrp-etf-in-the-world/,
