feed,title,long_url,short_url
FXEmpire,"AI Stocks Drive Rally as S&P 500 Index Tests 7,450 Resistance",https://www.fxempire.com/forecasts/article/ai-stocks-drive-rally-as-sp-500-index-tests-7450-resistance-1597138,
