feed,title,long_url,short_url
ZeroHedge,The Nation Is Falling Into the Abyss Between Wall Street And Main Street,https://www.zerohedge.com/markets/nation-falling-abyss-between-wall-street-and-main-street,https://j.mp/2P3NRKq
