feed,title,long_url,short_url
💰Barrons,FDIC Plans to Announce Decision on SVB Sale This Weekend,https://barrons.com/advisor/articles/fdic-plans-to-announce-decision-on-svb-sale-this-weekend-eeeb2434?mod=RTA,https://da.gd/QIvs
