feed,title,long_url,short_url
AmbCrypto,Examining the source of Bitcoin’s selling pressure and its awaiting consequences,https://ambcrypto.com/examining-the-source-of-bitcoins-selling-pressure-and-its-awaiting-consequences/,https://bit.ly/34O2T2u
