feed,title,long_url,short_url
Yahoo,SEC to compel Elon Musk's testimony in Twitter stock purchase probe,https://techcrunch.com/2023/10/05/sec-to-compel-elon-musks-testimony-in-twitter-stock-purchase-probe/?.tsrc=rss,https://da.gd/KTWz
