feed,title,long_url,short_url
Yahoo,Tesla Stock Is Surging Again. Thank Jerome Powell.,https://finance.yahoo.com/m/51457649-1304-3584-bf22-1e371489611a/tesla-stock-is-surging-again..html?.tsrc=rss,https://da.gd/jPkF
