feed,title,long_url,short_url
CryptoDailyUK,Banks Race to Become Stablecoin Gateways: Why Custody May Beat Issuance,https://cryptodaily.co.uk/2026/07/banks-stablecoin-gateways-custody-vs-issuance,
CryptoDailyUK,Kula Puts $1.57 Trillion Impact Investing Market On-Chain With Live ESG Dashboard,https://cryptodaily.co.uk/2026/07/kula-puts-157-trillion-impact-investing-market-on-chain-with-live-esg-dashboard,
