feed,title,long_url,short_url
SA,[BCSF] Bain Capital Specialty Finance: Lower Earnings But Fundamentals & Dividend Coverage Are Strong,https://seekingalpha.com/article/4783519,
