feed,title,long_url,short_url
SA,"[AAPL] Big Tech Earnings Preview - Google, Apple, And Amazon",https://seekingalpha.com/article/4574468,
