feed,title,long_url,short_url
Benzinga,This Analyst With 85% Accuracy Rate Sees 17% Upside In Honeywell International - Here Are 5 Stock Picks For Last Week From Wall Street's Most Accurate Analysts,https://benzinga.com/trading-ideas/long-ideas/24/06/39246826/this-analyst-with-85-accuracy-rate-sees-17-upside-in-honeywell-international-here-are-5-,https://da.gd/81zVQ2
Benzinga,Investor Naval Ravikant Threatens To Sell All Tesla Holdings If CEO Musk's Pay Plan Is Rejected But Says He'll Buy More If Approved,https://benzinga.com/markets/equities/24/06/39246807/investor-naval-ravikant-threatens-to-sell-all-tesla-holdings-if-ceo-musks-pay-plan-is-rejected-b,https://da.gd/rjlhSU
