feed,title,long_url,short_url
TheCapital,Investing In A Ponzi vs. Investing In Bitcoin,https://medium.com/thecapital/investing-in-a-ponzi-vs-investing-in-bitcoin-b50f0554ef67?source=rss----c4037b4d8519---4,https://da.gd/d4Gg
TheCapital,Bitcoin Price Is a Distraction — And You’re Meant to Fall for It,https://medium.com/thecapital/bitcoin-price-is-a-distraction-and-youre-meant-to-fall-for-it-07e81ca6cfbc?source=rss----c4037b4d8519---4,https://da.gd/5C11R
TheCapital,Trumponomics #8: Finding On-Chain Certainty in the Chaos of “Trumponomics”: Analyzing Three Types…,https://medium.com/thecapital/trumponomics-8-finding-on-chain-certainty-in-the-chaos-of-trumponomics-analyzing-three-types-e862f47dcaea?source=rss----c4037b4d8519---4,https://da.gd/qbQRP
TheCapital,The Ultimate Guide to Buying Bitcoin Anonymously in Oman & UAE,https://medium.com/thecapital/the-ultimate-guide-to-buying-bitcoin-anonymously-in-oman-uae-b4398e8b6cab?source=rss----c4037b4d8519---4,https://da.gd/JQwMi
TheCapital,Stop Calling TAO the Next Bitcoin — It’s Not Even Close,https://medium.com/thecapital/stop-calling-tao-the-next-bitcoin-its-not-even-close-923df6f54d5f?source=rss----c4037b4d8519---4,https://da.gd/WqNNo
