feed,title,long_url,short_url
Coinfomania,BlackRock Pumps $119.66M Into Bitcoin ETFs as BTC Rebounds Sharply,https://coinfomania.com/blackrock-buys-119m-bitcoin-etf-btc-rebound/,
