feed,title,long_url,short_url
InsiderMonkey,CGI Inc. (GIB) and NetApp Join Forces to Modernize IT Infrastructure and Improve Data Management,https://insidermonkey.com/blog/--1797698,
InsiderMonkey,"Sony (SONY) Moves Further Into Digital Gaming With PS3, PS Vita Store Closures",https://insidermonkey.com/blog/--1797700,
InsiderMonkey,12 Best Dow Stocks to Invest In Right Now,https://insidermonkey.com/blog/--1796820,
InsiderMonkey,5 Best Dow Stocks to Invest In Right Now,https://insidermonkey.com/blog/--1796854,
InsiderMonkey,Infosys Limited (INFY) Partners with Sentara To Enable AI Integration and Use in Hospitals,https://insidermonkey.com/blog/--1797704,
InsiderMonkey,This is why Citi Cut Strategy Inc. (MSTR) Price Target But Asserted Buy Rating,https://insidermonkey.com/blog/--1797706,
InsiderMonkey,Cognizant Technology Solutions Corporation (CTSH) Pursues AI Opportunities in EMEA,https://insidermonkey.com/blog/--1797711,
InsiderMonkey,Palantir Technologies (PLTR) Looks Beaten Down Despite Expanding Its Sovereign AI Push,https://insidermonkey.com/blog/--1797720,
InsiderMonkey,Salesforce (CRM) Upgraded as AI Bear Case Looks Overdone,https://insidermonkey.com/blog/--1797724,
InsiderMonkey,Oracle Corporation (ORCL): A Beaten Down Technology Stock to Buy on AI Buildout Opportunities,https://insidermonkey.com/blog/--1797729,
InsiderMonkey,Beaten Down Technology Stock to Buy: Microsoft Corporation (MSFT) Embarks on Cost Cuts,https://insidermonkey.com/blog/--1797733,
InsiderMonkey,Revenue and Growth Outlook Affirm Why Taiwan Semiconductor Manufacturing Co. (TSM) is a Top AI Stock on Wall Street’s Radar,https://insidermonkey.com/blog/--1798006,
InsiderMonkey,This is Why SAP SE (SAP) is A Top AI Stock on Wall Street Radar amid Reorganization Drive,https://insidermonkey.com/blog/--1798014,
InsiderMonkey,"Snowflake Inc. (SNOW): A Top AI Stock on Wall Street’s Radar, Expanding in Europe",https://insidermonkey.com/blog/--1798038,
InsiderMonkey,"Datadog, Inc. (DDOG) A Top AI Stock on Wall Street’s Radar Downgraded at Bernstein SocGen",https://insidermonkey.com/blog/--1798046,
InsiderMonkey,ASML Holding N.V. (ASML) Price Target Raised by Jefferies on Strong Semiconductor Outlook,https://insidermonkey.com/blog/--1798049,
InsiderMonkey,$9.3B Japan Factory Expansion Assert Micron Technology Inc. (MU) as a Top AI Stock on Wall Street Radar,https://insidermonkey.com/blog/--1798053,
InsiderMonkey,Bank of America Affirms Why NVIDIA Corp. (NVDA) is a Top AI Stock on Wall Street Radar,https://insidermonkey.com/blog/--1798055,
