feed,title,long_url,short_url
AmbCrypto,Are Ethereum ETFs the trigger for altcoin season? Experts weigh in!,https://ambcrypto.com/are-ethereum-etfs-the-trigger-for-altcoin-season-experts-weigh-in/,https://da.gd/d0om2k
