feed,title,long_url,short_url
InvestorPlace,Is Berkshire Hathaway (BRK-A) Stock Really Down 99%? NYSE Error Leads to Major Glitch,https://investorplace.com/2024/06/is-berkshire-hathaway-brk-a-stock-really-down-99-nyse-error-leads-to-major-glitch/,https://da.gd/TyM6h1
InvestorPlace,3 Oversold Stocks to Buy Right Now While The Gettin’ Is Good,https://investorplace.com/2024/06/3-oversold-stocks-to-buy-right-now-while-the-gettin-is-good/,https://da.gd/5dM1
InvestorPlace,Stock Market Odds Favor a Trump Victory in November Despite Guilty Verdict,https://investorplace.com/2024/06/stock-market-odds-favor-a-trump-victory-in-november-despite-guilty-verdict/,https://da.gd/0Zfgd
InvestorPlace,Join the Rally: 3 Stocks Poised for Big Short-Squeeze Moves,https://investorplace.com/2024/06/join-the-rally-3-stocks-poised-for-big-short-squeeze-moves/,https://da.gd/IFza
InvestorPlace,OBLG Stock Earnings: Oblong Reported Results for Q1 2024,https://investorplace.com/earning-results/2024/06/oblg-stock-earnings-oblong-for-q1-of-2024/,https://da.gd/HL5YmJ
InvestorPlace,NNDM Stock Earnings: Nano Dimension Reported Results for Q1 2024,https://investorplace.com/earning-results/2024/06/nndm-stock-earnings-nano-dimension-for-q1-of-2024/,https://da.gd/0ku3x
