feed,title,long_url,short_url
Motley,A Bear Market Is Looming: Here Is 1 Smart Move Investors Can Make That History Shows Will Pay Off,https://www.fool.com/investing/2026/09/21/bear-market-looming-smart-move-investors-history/?source=iedfolrf0000001,
Motley,Prediction: This Will Be Palantir’s Stock Price in a Year (Hint: It Implies Upside),https://www.fool.com/investing/2026/09/21/this-be-palantir-stock-price-in-year-upside/?source=iedfolrf0000001,
Motley,"President Donald Trump Just Admonished the Fed for ""Doing the Wrong Thing"" on Interest Rates, but Ignores the 2 Biggest Inflation Catalysts",https://www.fool.com/investing/2026/09/21/donald-trump-admonish-fed-for-doing-wrong-thing-interest-rates-ignores-2-big-inflation-catalysts/?source=iedfolrf0000001,
Motley,Here’s Why Amazon's $220 Billion in Capital Spending Shouldn’t Worry Investors,https://www.fool.com/investing/2026/09/21/here-s-why-amazon-usd220-billion-in-capital-spending-shouldn-t-worry-investors/?source=iedfolrf0000001,
