feed,title,long_url,short_url
SeekingAlpha,Vanadium Miners News For The Month Of September 2023,https://seekingalpha.com/article/4637855,
