feed,title,long_url,short_url
SeekingAlpha,Markets Rise On Vaccine Hopes. Is It Enough To Keep The Economy Growing?,https://seekingalpha.com/article/4393287,
SeekingAlpha,Tracking Larry Robbins' Glenview Capital Management Portfolio - Q3 2020 Update,https://seekingalpha.com/article/4393286,
