feed,title,long_url,short_url
Decrypt,Ethereum Price Stalls as Fed Rate Decision Looms,https://decrypt.co/374653/ethereum-price-stalls-fed-rate-decision,
