feed,title,long_url,short_url
Motley,Looking to Satisfy Your Craving for More Income in 2024? Check Out These Tasty Dividend Stocks,https://www.fool.com/investing/2024/01/10/looking-to-satisfy-your-craving-for-more-income-in/?source=iedfolrf0000001,https://da.gd/JQtM2
