feed,title,long_url,short_url
CryptoDailyUK,"LBank Partners With SHIB to Celebrate 6th Anniversary With $66,666 Rewards Campaign",https://cryptodaily.co.uk/2026/08/lbank-partners-with-shib-to-celebrate-6th-anniversary-with-66666-rewards-campaign,
