feed,title,long_url,short_url
FXEmpire,SUI Slides 17% After Reaching All-Time High – Currently Tests Key Ascending Support,https://www.fxempire.com/forecasts/article/sui-slides-17-after-reaching-all-time-high-currently-tests-key-ascending-support-1489003,https://da.gd/20BEf
