feed,title,long_url,short_url
Yahoo,VSE Stock Nears Buy Point As Company Focuses On Core Business,https://www.investors.com/research/vse-vsec-stock-aviation/?src=A00220&yptr=yahoo,https://da.gd/7qATb
Yahoo,Nvidia Stock Downgraded by Summit Insights Group Amid AI Market Concerns,https://finance.yahoo.com/news/nvidia-stock-downgraded-summit-insights-164437933.html?.tsrc=rss,https://da.gd/QqmXC
Yahoo,"Tesla's AI and Robotics Expansion Could Drive Future Growth, Morgan Stanley Says",https://finance.yahoo.com/news/teslas-ai-robotics-expansion-could-164222947.html?.tsrc=rss,https://da.gd/yfuqs
Yahoo,Intel could get a boost from Nvidia and Broadcom,https://finance.yahoo.com/news/intel-could-boost-nvidia-broadcom-160400904.html?.tsrc=rss,https://da.gd/pnghCq
