feed,title,long_url,short_url
Coinfomania,"FIO Rises 17.14% in Just One Hour, Significant Momentum Builds",https://coinfomania.com/fio-rises-17-14-in-just-one-hour-significant-momentum-builds/,
