feed,title,long_url,short_url
💰Barrons,Impact of AI Spending on U.S. Economy May Be Overstated. Its Threat to the Job Market Isn’t.,https://barrons.com/articles/impact-of-ai-spending-on-u-s-economy-cba8a4a7?mod=RTA,
💰Barrons,CrowdStrike Plummets. Why a New AI Tool Is Crushing Cybersecurity Stocks.,https://barrons.com/articles/crowdstrike-stock-price-cybersecurity-zscaler-3efb4a93?mod=RTA,
