feed,title,long_url,short_url
Yahoo,Does My Employer’s 401(k) Match Count Toward My Maximum Contribution?,https://www.investopedia.com/ask/answers/100314/does-my-employers-matching-contribution-count-towards-maximum-i-can-contribute-my-401k-plan.asp?utm_campaign=quote-yahoo&utm_source=yahoo&utm_medium=referral&yptr=yahoo,https://j.mp/3lXFCQP
