feed,title,long_url,short_url
CryptoNewsFlash,Top Crypto Coins to Buy Right Now That Could Be the Next Big Thing – 4 Projects Making Headlines,https://crypto-news-flash.com/top-crypto-coins-to-buy-right-now-that-could-be-the-next-big-thing-4-projects-making-headlines/,
