feed,title,long_url,short_url
Yahoo,"Dow Jones Futures Fall: Nvidia CEO Speech In Focus; Google, Tesla Surge Ahead Of Fed Meeting",https://www.investors.com/market-trend/stock-market-today/dow-jones-nvidia-nvda-stock-google-tesla/?src=A00220&yptr=yahoo,https://da.gd/hqPmj
