feed,title,long_url,short_url
CryptoNewsFlash,"Over $278 Million in Token Unlocks Expected This Week: AVAX, APT, STRK, and Others",https://crypto-news-flash.com/avax-apt-strk-unlock-278-million/,
