feed,title,long_url,short_url
FXEmpire,S&P 500 Price Forecast – Stock Markets Continue to Look Bullish,https://www.fxempire.com/forecasts/article/sp-500-price-forecast-stock-markets-continue-to-look-bullish-2-722677,https://j.mp/3v955ZO
