feed,title,long_url,short_url
Yahoo,Here's Why I Think Ameriprise Financial (NYSE:AMP) Might Deserve Your Attention Today,https://finance.yahoo.com/news/heres-why-think-ameriprise-financial-100623800.html,https://j.mp/2FoqsC6
