feed,title,long_url,short_url
ZyCrypto,USDC Predicted to Surpass Tether (USDT) As The Biggest Stablecoin In 3 Months,https://zycrypto.com/usdc-predicted-to-surpass-tether-usdt-as-the-biggest-stablecoin-in-3-months/,https://bit.ly/3vVS74n
