feed,title,long_url,short_url
gNews,Is the Stock Market Going to Crash? 153 Years of Valuation History Weighs In and Provides a Big Clue. - AOL,https://news.google.com/rss/articles/CBMiP2h0dHBzOi8vd3d3LmFvbC5jb20vc3RvY2stbWFya2V0LWdvaW5nLWNyYXNoLTE1My0wOTA2MDA2OTcuaHRtbNIBAA?oc=5,https://da.gd/6lQos
