feed,title,long_url,short_url
SeekingAlpha,"A Reversal, Or Two",https://seekingalpha.com/article/4397922,
