feed,title,long_url,short_url
SeekingAlpha,Russell Microcap Index IPO additions,https://seekingalpha.com/news/3740860,
SeekingAlpha,Russell 3000 adds IPO to index,https://seekingalpha.com/news/3740863,
SeekingAlpha,CuriosityStream jumps 8% as J.P. Morgan sees 25% upside,https://seekingalpha.com/news/3740864,
SeekingAlpha,Lucid leads the electric vehicle sector as green tidal wave hopes are recharged,https://seekingalpha.com/news/3740862,
