feed,title,long_url,short_url
Investing,"Price analysis 9/17: BTC, ETH, ADA, BNB, XRP, SOL, DOT, DOGE, UNI, LUNA",https://investing.com/news/-2619799,
