feed,title,long_url,short_url
SeekingAlpha,Why JPMorgan Is Still A Good SWAN Option,https://seekingalpha.com/article/4563418,
