feed,title,long_url,short_url
SeekingAlpha,"Costco CFO says membership fee hike is ‘question of when, not if’",https://seekingalpha.com/news/3915734,
