feed,title,long_url,short_url
Benzinga,Global Biostimulants Market Report 2023: Sector is Expected to Reach $5+ Billion by 2028 at a CAGR of 9.62%,https://benzinga.com/pressreleases/23/06/n32977620/global-biostimulants-market-report-2023-sector-is-expected-to-reach-5-billion-by-2028-at-a-cagr-of,
