feed,title,long_url,short_url
SeekingAlpha,"Lockheed Martin: Robust Sales Growth, Some Upside Ahead",https://seekingalpha.com/article/4706365,
