feed,title,long_url,short_url
💰Barrons,Alphabet Stock Dropped After Stellar Earnings. It’s Time to Buy.,https://barrons.com/articles/alphabet-stock-price-buy-sell-31ec8f03?mod=RTA,https://da.gd/qMsqm
