feed,title,long_url,short_url
SeekingAlpha,Alliant Energy reports mixed Q3 earnings; initiates FY24 and narrows FY23 outlook,https://seekingalpha.com/news/4029919,
