feed,title,long_url,short_url
Benzinga,Victoria's Secret Surprises with Preliminary Q1 Results: CEO Bullish Amid Tough Retail Climate,https://benzinga.com/news/earnings/24/05/38763204/victorias-secret-surprises-with-preliminary-q1-results-ceo-bullish-amid-tough-retail-climate,https://da.gd/sZI9n
Benzinga,Spotlight on Advance Auto Parts: Analyzing the Surge in Options Activity,https://benzinga.com/insights/options/24/05/38763356/spotlight-on-advance-auto-parts-analyzing-the-surge-in-options-activity,https://da.gd/kzMV
Benzinga,Airbnb's Options: A Look at What the Big Money is Thinking,https://benzinga.com/insights/options/24/05/38763351/airbnbs-options-a-look-at-what-the-big-money-is-thinking,https://da.gd/WsDT02
