feed,title,long_url,short_url
SeekingAlpha,Smart Eye AB (publ) reports Q4 results,https://seekingalpha.com/news/3803562,
