feed,title,long_url,short_url
SeekingAlpha,"Hochschild Mining Non-GAAP EPS of $0.15, revenue of $811.39M",https://seekingalpha.com/news/3804131,
SeekingAlpha,ElectraMeccanica Vehicles receives initial 20 unit SOLO Cargo fleet order,https://seekingalpha.com/news/3804130,
SeekingAlpha,Cryptocurrency hedge funds struggle most among peers in January - Bloomberg,https://seekingalpha.com/news/3804129,
SeekingAlpha,Deutsche Bank's new London headquarters close in on $1.3B sale - Bloomberg,https://seekingalpha.com/news/3804128,
