feed,title,long_url,short_url
SeekingAlpha,"Kinder Morgan: I Am Bullish On Midstream, But Not In This Case",https://seekingalpha.com/article/4700511,
