feed,title,long_url,short_url
Benzinga,Why Zumiez Is Trading Lower By 14%; Here Are 20 Stocks Moving Premarket,https://benzinga.com/news/22/09/28807938/why-zumiez-is-trading-lower-by-14-here-are-20-stocks-moving-premarket,https://bit.ly/3qstQzK
