feed,title,long_url,short_url
Motley,These Growth Stocks Are Capitalizing on a Winning Trend. Time to Buy?,https://www.fool.com/investing/2022/09/09/these-growth-stocks-are-on-winning-trend-buy-time/?source=iedfolrf0000001,https://bit.ly/3d2VhNG
