feed,title,long_url,short_url
SeekingAlpha,Silver's Structural Deficit Suggests Higher Prices Ahead,https://seekingalpha.com/article/4705234,
