feed,title,long_url,short_url
Benzinga,Aerial Imaging Market Size Worth USD 4125.2 Million by 2025 | Exhibiting a CAGR of 14.2% by [2018-2025],https://benzinga.com/pressreleases/22/10/g29410641/aerial-imaging-market-size-worth-usd-4125-2-million-by-2025-exhibiting-a-cagr-of-14-2-by-2018-2025,
