feed,title,long_url,short_url
💰Barrons,Buying a Home Is Getting Out of Reach. Those 7% Mortgage Rates Are the Reason Why.,https://barrons.com/articles/buying-a-home-is-getting-out-of-reach-how-much-7-mortgage-rates-need-to-fall-22f4c130?mod=RTA,https://da.gd/xCE52o
