feed,title,long_url,short_url
InsiderMonkey,Vinit Bodas’ Deccan Value Investors’ Top 5 Stock Picks,https://insidermonkey.com/blog/--980537,
InsiderMonkey,7 Best SPACs to Buy Based on Jonathan Esfandi’s JNE Partners’ Latest Portfolio,https://insidermonkey.com/blog/--978758,
