feed,title,long_url,short_url
Investing,El Salvador builds Bitcoin infrastructure ahead of full-scale adoption,https://investing.com/news/-2598535,
