feed,title,long_url,short_url
Benzinga,Peek Inside Trump's Opulent Lifestyle: The 10 Most Lavish Assets He Owns,https://benzinga.com/node/38184282,https://da.gd/NKoqO
Benzinga,Bitcoin Drops As US Inflation Data Exceeds Forecasts,https://benzinga.com/markets/cryptocurrency/24/04/38184204/bitcoin-drops-as-us-inflation-data-exceeds-forecasts,https://da.gd/SQKEv
Benzinga,Peek Inside Trump's Opulent Lifestyle: The 10 Most Lavish Assets He Owns,https://benzinga.com/news/24/04/38184282/peek-inside-trumps-opulent-lifestyle-the-10-most-lavish-assets-he-owns,https://da.gd/ISoFvA
