feed,title,long_url,short_url
Reuters,"Wall Street ends higher, boosted by tech, growth stocks",https://reuters.com/article/idUSL1N2OY26Y,
