feed,title,long_url,short_url
SeekingAlpha,Gravity Suffers With Mobile Pullback,https://seekingalpha.com/article/4518786,
