feed,title,long_url,short_url
AmbCrypto,Bitcoin’s 2025 price targets – $145k or $249k? It will depend on…,https://ambcrypto.com/bitcoins-2025-price-targets-145k-or-249k-it-will-depend-on/,https://da.gd/kusxdp
