feed,title,long_url,short_url
Yahoo,Inside the Early Days of DOGE,https://finance.yahoo.com/m/2b00eb69-3a7f-3109-897e-9760112cf51a/inside-the-early-days-of-doge.html?.tsrc=rss,https://da.gd/KLmO2h
