feed,title,long_url,short_url
Benzinga,Granite Building Stone Market to Grow at 3.2% CAGR Through 2030 Driven by Increasing Demand from Construction and Landscaping Industries,https://benzinga.com/pressreleases/23/03/g31316501/granite-building-stone-market-to-grow-at-3-2-cagr-through-2030-driven-by-increasing-demand-from-co,
