feed,title,long_url,short_url
SA,[CELH] Monster Beverage: Bullish On EPS Upside Despite Headwinds,https://seekingalpha.com/article/4700124,
