feed,title,long_url,short_url
Benzinga,Enterprise Mobility Management Market to Reach USD 35620 Million by 2027 at a CAGR of 20.9% | Valuates Reports,https://benzinga.com/pressreleases/22/02/n25868419/enterprise-mobility-management-market-to-reach-usd-35620-million-by-2027-at-a-cagr-of-20-9-valuate,
