feed,title,long_url,short_url
ZyCrypto,Bitcoin Key Whale Addresses Skyrocket To 6-Month High Despite Bearish Sentiments,https://zycrypto.com/bitcoin-key-whale-addresses-skyrocket-to-6-month-high-despite-bearish-sentiments/,https://bit.ly/3B72MfH
