feed,title,long_url,short_url
SeekingAlpha,Altitude International reduces debt by $18.3M,https://seekingalpha.com/news/3946873,
SeekingAlpha,Consumer staples stocks rise as investors seek safety,https://seekingalpha.com/news/3946871,
