feed,title,long_url,short_url
SeekingAlpha,"Sea, DraftKings, Sasol among premarket losers' pack",https://seekingalpha.com/news/4110710,
SeekingAlpha,Ensysce Biosciences regains Nasdaq compliance,https://seekingalpha.com/news/4110711,
SeekingAlpha,Medallion Financial set to join Russell 3000 Index,https://seekingalpha.com/news/4110708,
SeekingAlpha,BriaCell signs supply agreement with Beigene for metastatic breast cancer treatment,https://seekingalpha.com/news/4110707,
SeekingAlpha,Reviva Pharmaceuticals looks to raise $3M through direct offering; shares fall,https://seekingalpha.com/news/4110706,
SeekingAlpha,"ARCT, BITF and FRE are among premarket gainers",https://seekingalpha.com/news/4110705,
