feed,title,long_url,short_url
gNews,CELH Stock: Celsius Dives Below Key Level As Analysts Caution On Sales - Investor's Business Daily,https://news.google.com/rss/articles/CBMiNmh0dHBzOi8vd3d3LmludmVzdG9ycy5jb20vbmV3cy9jZWxoLXN0b2NrLWRpdmVzLXNhbGVzL9IBAA?oc=5,https://da.gd/R6SiM
