feed,title,long_url,short_url
InsiderMonkey,25 Best Things To Buy On Amazon Under 20 Dollars,https://insidermonkey.com/blog/--884953,https://j.mp/34Uz38x
InsiderMonkey,10 Best Things To Buy On Amazon Under 20 Dollars,https://insidermonkey.com/blog/--885003,https://j.mp/312xaW4
InsiderMonkey,Is Snowflake (SNOW) Stock Overvalued?,https://insidermonkey.com/blog/--885077,https://j.mp/3drEpvB
