feed,title,long_url,short_url
SeekingAlpha,Current Alpha Opportunities In The CEF Space,https://seekingalpha.com/article/4700316,
SeekingAlpha,NVR Continues To Capitalize On Housing Shortage And High Mortgage Rates,https://seekingalpha.com/article/4700315,
