feed,title,long_url,short_url
Yahoo,Amazon considering further investment in Anthropic,https://www.verdict.co.uk/amazon-considering-investment-anthropic/?.tsrc=rss,https://da.gd/TNWfck
