feed,title,long_url,short_url
Investing,E-mini: In Pullback Mode?,https://investing.com/analysis/-200582034,
Investing,Basel III And Gold: Five Weeks And Counting,https://investing.com/analysis/-200581989,
Investing,Cardano: The Most Trustable Coin,https://investing.com/news/-2514459,
Investing,"BTC, ETH Show Signs of Recovery After a Bearish Week",https://investing.com/news/-2514457,
Investing,Bware Raises $1.2M for Decentralized API Marketplace,https://investing.com/news/-2514453,
