feed,title,long_url,short_url
SeekingAlpha,WisdomTree Yield Enhanced U.S. Short-Term Aggregate Bond Fund declares monthly distribution of $0.0300,https://seekingalpha.com/news/3699501,
SeekingAlpha,WisdomTree Yield Enhanced U.S. Aggregate Bond Fund declares monthly distribution of $0.0900,https://seekingalpha.com/news/3699500,
