feed,title,long_url,short_url
CryptoNewsFlash,ESMA Gives EU Crypto Firms 3 Months to Phase Out Non-MiCA Stablecoins,https://crypto-news-flash.com/esma-gives-eu-crypto-firms-3-months-to-phase-out-non-mica-stablecoins/,
