feed,title,long_url,short_url
🔐MarketWatch,A handful of stocks are driving almost all of the market’s gains. Here’s what that means for your portfolio.,https://www.marketwatch.com/story/what-does-weak-stock-market-breadth-mean-for-your-portfolio-heres-what-one-wall-street-analyst-found-e519904a?mod=home-page,https://da.gd/jdqMe
