feed,title,long_url,short_url
CryptoNewsFlash,Hong Kong and Germany Explore Bitcoin Reserves to Keep Pace with US Leadership,https://crypto-news-flash.com/hong-kong-and-germany-explore-bitcoin-reserves-to-keep-pace-with-us-leadership/,
