feed,title,long_url,short_url
SeekingAlpha,RQI: Securing Safe 8% Yield And Elevating Exposure To Interest Rate Declines,https://seekingalpha.com/article/4617684,
