feed,title,long_url,short_url
Benzinga,This Plug Power Analyst Expects Break-Even Margins By This Year End: Here's Why,https://benzinga.com/analyst-ratings/analyst-color/23/07/33233504/this-plug-power-analyst-expects-break-even-margins-by-this-year-end-heres-why,https://da.gd/Y6Dl
