feed,title,long_url,short_url
r/pennystocks:25+,[OTC] No new pennystocks available for purchase on Schwab,https://redd.it/opmpmy,
