feed,title,long_url,short_url
SeekingAlpha,Wall Street Breakfast: Brexit Tensions Resurface (Podcast),https://seekingalpha.com/article/4440937,
