feed,title,long_url,short_url
SeekingAlpha,S&P 500 Earnings: Forward Estimates Still Rising; August Jobs Report This Week,https://seekingalpha.com/article/4631441,
