feed,title,long_url,short_url
ETFdb,AXS Investments' RINC Targets Mortgage REITS,https://etfdb.com/news/2023/08/28/axs-investments-rinc-targets-mortgage-reits/,https://da.gd/mCZIZ
