feed,title,long_url,short_url
CoinDesk,Bitcoin Broke $62K After Fed Rate Cuts. Here’s What Traders Say Will Happen Next,https://www.coindesk.com/markets/2024/09/19/bitcoin-broke-62k-after-fed-rate-cuts-heres-what-traders-say-will-happen-next/?utm_medium=referral&utm_source=rss&utm_campaign=headlines,https://da.gd/7xh9
