feed,title,long_url,short_url
Bitcoin.com,XRP Open Interest Recovers as Analyst Flags ‘Unusual Structure’,https://news.bitcoin.com/market-updates/xrp-open-interest-recovers-as-analyst-flags-unusual-structure/,
