feed,title,long_url,short_url
MarketWatch,Brett Arends's ROI: Why you should only buy bitcoin in your IRA,http://www.marketwatch.com/news/story.asp?guid=%7B21005575-02D4-D4B5-4572-D1367D3E6764%7D&siteid=rss&rss=1,https://on.mktw.net/2J8vm83
