feed,title,long_url,short_url
FinboldCrypto,Gomble Games prepares the launch of GM token,https://finbold.com/gomble-games-prepares-the-launch-of-gm-token/,https://da.gd/uKdWEj
