feed,title,long_url,short_url
Yahoo,Here’s how much Shark Tank star Kevin O’Leary says you need in savings right now (and psst: it’s a lot less than Suze Orman recommends),https://www.marketwatch.com/picks/heres-how-much-shark-tank-star-kevin-oleary-says-you-need-in-savings-right-now-and-psst-its-a-lot-less-than-suze-orman-recommends-01664992622?siteid=yhoof2&yptr=yahoo,https://on.mktw.net/3REu0z9
Yahoo,Porsche stock continues to climb after IPO,https://www.marketwatch.com/story/porsche-stock-continues-to-climb-after-ipo-11665052070?siteid=yhoof2&yptr=yahoo,https://on.mktw.net/3EmlVMv
Yahoo,Futures fall as high oil prices stoke inflation worries; Tesla falls,https://finance.yahoo.com/news/futures-fall-high-oil-prices-112119577.html?.tsrc=rss,https://yhoo.it/3STyByQ
