feed,title,long_url,short_url
Yahoo,Expectations for Tesla Earnings Creep Higher as Stock Edges Toward New High,https://www.barrons.com/articles/tesla-stock-earnings-estimates-51634648404?siteid=yhoof2&yptr=yahoo,https://j.mp/2ZaQvGX
Yahoo,Dow Jones Giant J&J Beats Profit Views As Covid Shot Brings In $502 Million,https://www.investors.com/news/technology/jnj-stock-johnson-johnson-earnings-q3-2021/?src=A00220&yptr=yahoo,https://j.mp/3vxUokX
