feed,title,long_url,short_url
TheStreet,Morning Bell With Jim Cramer: When to Buy Wells Fargo,https://www.thestreet.com/investing/morning-bell-with-jim-cramer-wells-fargo-microsoft-discord-spacs-ipos,https://j.mp/2QuEmaZ
