feed,title,long_url,short_url
Investing,Toronto-Dominion Bank (TD) to Acquire Headlands Tech Global,https://investing.com/analysis/-200569210,
