feed,title,long_url,short_url
SeekingAlpha,"Natural Gas: As Long As Production Remains Above 90 Bcf, Price Rallies Will Be Unsustainable",https://seekingalpha.com/article/4415808,
