feed,title,long_url,short_url
BeInCrypto,The ‘Singapore Collapse’ Went Viral: Here’s What’s Actually Happening,https://beincrypto.com/the-singapore-collapse-went-viral-heres-whats-actually-happening/,
