feed,title,long_url,short_url
gNews,Meta Platforms Just Hinted That Nvidia Is Going to Have a Monster 2025 - The Motley Fool,https://news.google.com/rss/articles/CBMimAFBVV95cUxPT3VtcWlXaDNqUWRBUU1NY0E2Tmh0R2pMU2NVWk5sM2pBRldHbWRxNzh6X2lpclIzamFNS0hmcDkxOFVyTjE3UmZQUGlkLVZwMW9FY1VhWk5ybGVVM1NxRlRXY2FRTkdkX1F6WE9ZREgzVVZYUlYyNzBOa2pQdUd5NnJWSXdiSmp5d09PVF94WHpIUDFISmg1dw?oc=5,https://da.gd/p0np6
