feed,title,long_url,short_url
BeInCrypto,New Quantum Break Claim Sparks Bitcoin Security Debate,https://beincrypto.com/quantum-bitcoin-break-claim-debate-crypto-security/,
