feed,title,long_url,short_url
TheStreet,Here's What the Chart Says About Buying or Selling Tesla,https://www.thestreet.com/investing/heres-what-the-chart-says-about-buying-or-selling-tesla,https://bit.ly/3cYcjMV
