feed,title,long_url,short_url
💰Barrons,"U.S. Steel, Tesla, AMC, Nikola, and More Stock Market Movers",https://barrons.com/articles/stock-market-movers-26250154?mod=RTA,https://da.gd/DebIr
