feed,title,long_url,short_url
Yahoo,Daily Spotlight: Spending on Home Improvement Poised to Slow,https://finance.yahoo.com/research/reports/ARGUS_37352_MarketOutlook_1692011771000?yptr=yahoo&ncid=yahooproperties_plusresear_nm5q6ze1cei,https://da.gd/yQecA
Yahoo,"Market Digest: BXP, DIS, DVN, EA, VIAV, MET, OGE, PFE, PXD, PSX, APTV",https://finance.yahoo.com/research/reports/ARGUS_37349_MarketSummary_1692011734000?yptr=yahoo&ncid=yahooproperties_plusresear_nm5q6ze1cei,https://da.gd/mgMC
Yahoo,Daily – Vickers Top Buyers & Sellers for 08/14/2023,https://finance.yahoo.com/research/reports/ARGUS_37348_TopBottomInsiderActivity_1692008981000?yptr=yahoo&ncid=yahooproperties_plusresear_nm5q6ze1cei,https://da.gd/sNdm
Yahoo,Daily – Vickers Top Insider Picks for 08/14/2023,https://finance.yahoo.com/research/reports/ARGUS_37347_InsiderActivity_1692008981000?yptr=yahoo&ncid=yahooproperties_plusresear_nm5q6ze1cei,https://da.gd/8fhH
Yahoo,"AMC stock tumbles, preferred units jump after conversion settlement",https://finance.yahoo.com/news/amc-stock-tumbles-preferred-units-114919697.html,https://da.gd/25Ny8
