feed,title,long_url,short_url
Benzinga,"Stand-Up Paddleboard Market to Observe Utmost CAGR Growth of 6.0% by 2030, Size, Share, Trends, Key Drivers, Development Trends and Industry Growth Outlook",https://benzinga.com/pressreleases/23/01/g30425339/stand-up-paddleboard-market-to-observe-utmost-cagr-growth-of-6-0-by-2030-size-share-trends-key-dri,
