feed,title,long_url,short_url
Coinfomania,DODO Soars 19.46% in 15 Minutes — What Traders Should Know,https://coinfomania.com/dodo-soars-19-46-in-15-minutes-what-traders-should-know/,
