feed,title,long_url,short_url
SeekingAlpha,Nickel Miners News For The Month Of November 2022,https://seekingalpha.com/article/4561430,
