feed,title,long_url,short_url
Investing,The Slow Death of Money,https://www.investing.com/analysis/the-slow-death-of-money-200688415,
