feed,title,long_url,short_url
FXEmpire,Nasdaq Index: AI Infrastructure Leads as Energy Stocks Give Back Oil Premium,https://www.fxempire.com/forecasts/article/nasdaq-index-ai-infrastructure-leads-as-energy-stocks-give-back-oil-premium-1631943,
