feed,title,long_url,short_url
Motley,The Dow Leads Market Indexes Higher as Microsoft Adds 120 Points,https://www.fool.com/investing/2026/09/25/microsoft-leads-market-indexes-higher/?source=iedfolrf0000001,
Motley,These 2 Metrics Are Flashing Green for Bitcoin. So Is the Bitcoin Bear Market Finally Over?,https://www.fool.com/investing/2026/09/25/2-metrics-flashing-green-bitcoin-bear-market-over/?source=iedfolrf0000001,
