feed,title,long_url,short_url
Bitcoin.com,Three Arrows Capital Co-Founder Announces New Crypto Venture Open Exchange Amid Bankruptcy Controversy,https://news.bitcoin.com/three-arrows-capital-co-founder-announces-new-crypto-venture-open-exchange-amid-bankruptcy-controversy/,https://da.gd/OUjj
