feed,title,long_url,short_url
Yahoo,Is Nio Stock A Buy Amid High Hopes For Big Annual Event?,https://finance.yahoo.com/m/12caa8ab-afad-35a9-b56f-5215d7a13942/is-nio-stock-a-buy-amid-high.html?.tsrc=rss,https://yhoo.it/3hd8sJG
