feed,title,long_url,short_url
Barron's,Marathon Digital Is a Buy as Bitcoin Miners Are Poised for Growth,https://www.barrons.com/articles/marathon-digital-stock-bitcoin-miners-51643390325?mod=RTA,https://bit.ly/3G44NIV
