feed,title,long_url,short_url
gNews,US Growth Companies With High Insider Ownership December 2024 - Yahoo Finance,https://news.google.com/rss/articles/CBMihAFBVV95cUxPdmJQM0RiX1lWcUd0UkdPV25LRlJ2WDR4M29JV215OWRSVXNLRG9ySUpraE9CdkRVYVdGRDZ0d0d1Yl9xRlVCeEpPcWgzbmcyVjdYVzRCSy1tSHFjSTFXWWV1ZUROOGJyWGV5enBVTUJJbk1tc0o0SHNqZXk2aWE0RUM5NW0?oc=5,https://da.gd/m1Fg17
