feed,title,long_url,short_url
CryptoNewsFlash,"Ripple Rival Surges 45,000% as XRP Price Momentum Slows, Hidden Altcoin Catches Smart Money’s Eye",https://crypto-news-flash.com/ripple-rival-surges-45000-as-xrp-price-momentum-slows-hidden-altcoin-catches-smart-moneys-eye/,
