feed,title,long_url,short_url
ZeroHedge,"S&P Futures Hit All Time Highs On Stimulus, Vaccine Hopes; Gold, Silver Tumble",https://www.zerohedge.com/markets/sp-futures-hit-all-time-highs-stimulus-vaccine-hopes-gold-silver-tumble,https://j.mp/3acl7Je
