feed,title,long_url,short_url
Motley,2 Red-Hot Growth Stocks to Buy in 2026,https://www.fool.com/investing/2026/03/08/2-red-hot-growth-stocks-to-buy-in-2026/?source=iedfolrf0000001,
