feed,title,long_url,short_url
FXEmpire,Natural Gas Price Forecast – Natural Gas Markets Give Up Early Gains,https://www.fxempire.com/forecasts/article/natural-gas-price-forecast-natural-gas-markets-give-up-early-gains-9-785948,https://j.mp/3DtHaIV
FXEmpire,US-Listed Mining Firms Are Holding Over $1 Billion In Bitcoins,https://www.fxempire.com/forecasts/article/us-listed-mining-firms-are-holding-over-1-billion-in-bitcoins-785941,https://j.mp/3uTrJGE
