feed,title,long_url,short_url
Benzinga,P/E Ratio Insights for Nucor,https://benzinga.com/news/23/12/36324568/pe-ratio-insights-for-nucor,https://da.gd/r4zgc
Benzinga,$100 Invested In This Stock 15 Years Ago Would Be Worth $900 Today,https://benzinga.com/news/23/12/36324467/100-invested-in-this-stock-15-years-ago-would-be-worth-900-today,https://da.gd/kxzTgM
Benzinga,$100 Invested In This Stock 20 Years Ago Would Be Worth $900 Today,https://benzinga.com/news/23/12/36324416/100-invested-in-this-stock-20-years-ago-would-be-worth-900-today,https://da.gd/MKoOm1
Benzinga,"PancakeSwap Spreads The Syrup: Meta Governance Grants Sweeten The Pot For Cakepie, StakeDAO, Breakfast, Redacted",https://benzinga.com/markets/cryptocurrency/23/12/36312649/pancakeswap-spreads-the-syrup-meta-governance-grants-sweeten-the-pot-for-cakepie-stakedao-,https://da.gd/eUvJA4
