feed,title,long_url,short_url
Yahoo,"The Ultimate Growth Stocks to Buy With $1,000 Right Now",https://www.fool.com/investing/2023/12/20/the-ultimate-growth-stocks-to-buy-with-1000-right/?source=eptyholnk0000202&utm_source=yahoo-host-full&utm_medium=feed&utm_campaign=article&.tsrc=rss,https://da.gd/eG4T13
