feed,title,long_url,short_url
DailyHodl,Automobili Lamborghini Drops Its Limited Edition ‘World Tour’ Themed NFTs This October,https://dailyhodl.com/2022/10/20/automobili-lamborghini-drops-its-limited-edition-world-tour-themed-nfts-this-october/,https://bit.ly/3VL6WSU
