feed,title,long_url,short_url
SeekingAlpha,UniFirst: Stronger Revenue Growth But Still Lacks Margin Of Safety,https://seekingalpha.com/article/4685208,
