feed,title,long_url,short_url
Bitcoin.com,"Bitcoin Bounces Back Above Key Averages, Glassnode Sees New Investor Resilience",https://news.bitcoin.com/bitcoin-bounces-back-above-key-averages-glassnode-sees-new-investor-resilience/,https://da.gd/SCCtar
