feed,title,long_url,short_url
Nasdaq,Taiwan February export orders surge as work-from-home trend drives tech demand,https://www.nasdaq.com/articles/taiwan-february-export-orders-surge-as-work-from-home-trend-drives-tech-demand-2021-03-22,https://j.mp/3dawKT1
Nasdaq,Japan's KM Biologics begins clinical trial of COVID-19 vaccine candidate,https://www.nasdaq.com/articles/japans-km-biologics-begins-clinical-trial-of-covid-19-vaccine-candidate-2021-03-22,https://j.mp/3tClpS2
Nasdaq,Asian Shares Mixed Amid Bond Yield Concerns,https://www.nasdaq.com/articles/asian-shares-mixed-amid-bond-yield-concerns-2021-03-22,https://j.mp/3cQrSSG
Nasdaq,Maldives hires banks for dollar-denominated Islamic bonds sale - document,https://www.nasdaq.com/articles/maldives-hires-banks-for-dollar-denominated-islamic-bonds-sale-document-2021-03-22-0,https://j.mp/3r9Rkb5
Nasdaq,French vaccines chief eyes return to normal life by summer,https://www.nasdaq.com/articles/french-vaccines-chief-eyes-return-to-normal-life-by-summer-2021-03-22-0,https://j.mp/3smyWND
Nasdaq,UK watchdog probing publisher Penguin's $2.18-bln deal for Simon & Schuster,https://www.nasdaq.com/articles/uk-watchdog-probing-publisher-penguins-%242.18-bln-deal-for-simon-schuster-2021-03-22,https://j.mp/317bTKo
Nasdaq,'Human error' by Australia's stock exchange delays Airtasker market debut,https://www.nasdaq.com/articles/human-error-by-australias-stock-exchange-delays-airtasker-market-debut-2021-03-22,https://j.mp/3sbEGcH
Nasdaq,"Sellers of t-shirts, phone cases make most of China's diplomatic riposte",https://www.nasdaq.com/articles/sellers-of-t-shirts-phone-cases-make-most-of-chinas-diplomatic-riposte-2021-03-22,https://j.mp/3lADRI7
Nasdaq,Tokyo tour bus operation restarts as state of emergency lifted,https://www.nasdaq.com/articles/tokyo-tour-bus-operation-restarts-as-state-of-emergency-lifted-2021-03-22,https://j.mp/3cXa5Jw
