feed,title,long_url,short_url
blog:WSoP,There’s a Plot to Suck in More Retail Traders at the Top of a Bubble Market,https://wallstreetonparade.com/2021/03/theres-a-plot-to-suck-in-more-retail-traders-at-the-top-of-a-bubble-market/,https://j.mp/3sgPRBa
