feed,title,long_url,short_url
SeekingAlpha,Addex Therapeutics CEO Tim Dyer - Emerging Drugs For Central Nervous System (Video),https://seekingalpha.com/article/4460828,
SeekingAlpha,Goldman Sachs Stock Split: Is One Likely To Happen?,https://seekingalpha.com/article/4461109,
