feed,title,long_url,short_url
InvestorPlace,How to Build a Portfolio for the New AI Capital Cycle,https://investorplace.com/hypergrowthinvesting/2026/02/how-to-build-a-portfolio-for-the-new-ai-capital-cycle/,
