feed,title,long_url,short_url
SeekingAlpha,Eaton Has Pulled Back Enough,https://seekingalpha.com/article/4484731,
