feed,title,long_url,short_url
Benzinga,Volkswagen Brand Aims To Improve Earnings By Around €10B In 2026,https://benzinga.com/markets/equities/23/06/32858871/volkswagen-brand-aims-to-improve-earnings-by-around-10b-in-2026,https://da.gd/WE1vWL
