feed,title,long_url,short_url
InvestorPlace,ARK Invest Buys: What Stocks Is Cathie Wood Buying on the Dip This Week?,https://investorplace.com/2021/03/ark-invest-buys-what-stocks-is-cathie-wood-buying-on-the-dip-this-week/,https://j.mp/3rlqk9a
InvestorPlace,What Happens to PSTH Stock After Mega-Deal Announced,https://investorplace.com/2021/03/what-happens-to-psth-stock-after-mega-deal-announced/,https://j.mp/3rdtZpA
