feed,title,long_url,short_url
ETFTrends,Diversifying Exposure to the Nasdaq With Options-Based ETF Strategies,https://www.etftrends.com/thematic-investing-channel/diversifying-exposure-to-the-nasdaq-with-options-based-etf-strategies/,https://j.mp/308WBIs
ETFTrends,"Advocate Capital: For Rising Rates, Advisors Need To Consider A Multi-Asset Hedge",https://www.etftrends.com/advocate-capital-q-a/,https://j.mp/31tv6tP
ETFTrends,Potential Evergrande Default Won’t Diminish ADIV,https://www.etftrends.com/dividend-channel/potential-evergrande-default-wont-diminish-adiv/,https://j.mp/3y1w38x
