feed,title,long_url,short_url
FXEmpire,Silver Price Prediction – Prices Consolidate as Inflation Fears Remain,https://www.fxempire.com/forecasts/article/silver-price-prediction-prices-consolidate-as-inflation-fears-remain-833122,https://j.mp/3IxauBl
FXEmpire,ASX200 – A Quiet Economic Calendar Leaves the U.S Markets and Commodities to Give Direction,https://www.fxempire.com/forecasts/article/asx200-a-quiet-economic-calendar-leaves-the-u-s-markets-and-commodities-to-give-direction-833251,https://j.mp/3owOK0A
