feed,title,long_url,short_url
SeekingAlpha,"PMF: Munis Have Value, But This Fund Is Short On Them At This Price",https://seekingalpha.com/article/4535874,
