feed,title,long_url,short_url
Investing,Weak address growth points to Bitcoin price failing to sustain $25K,https://investing.com/news/-2876855,
Investing,Russian missile wounds nine in Ukrainian town not far from nuclear plant,https://investing.com/news/-2876856,
