feed,title,long_url,short_url
Investing,"OPEC+ seen keeping oil output policy unchanged, OPEC+ sources say",https://investing.com/news/-2633431,
Investing,OPEC+ Remains in Control of Oil Market as Ministers Meet Again,https://investing.com/news/-2633411,
Investing,Sainsbury's stock higher on hopes of interest from Morrisons loser,https://investing.com/news/-2633430,
