feed,title,long_url,short_url
ETFTrends,ETF Edge: Dave Nadig Justifies Continued Inflows,https://www.etftrends.com/etf-edge-dave-nadig-justifies-continued-inflows/,https://j.mp/3Bcys0T
