feed,title,long_url,short_url
💰Barrons,Farming Is Terrible Right Now. That's Good for Deere and AGCO Stocks.,https://barrons.com/articles/deere-agco-agricultural-stock-price-rating-610c9161?mod=RTA,
