feed,title,long_url,short_url
SA,"[RYAAY] Ryanair Holdings GAAP EPS of -€0.213, revenue of €4.8B",https://seekingalpha.com/news/3839349,
