feed,title,long_url,short_url
ZyCrypto,TokenFi Officially Eliminates 0.3% Buy/Sell Tax On its Native TOKEN Following Unanimous DAO Vote,https://zycrypto.com/tokenfi-officially-eliminates-0-3-buy-sell-tax-on-its-native-token-following-unanimous-dao-vote/,https://da.gd/BVnN7
