feed,title,long_url,short_url
CoinDesk,Chinese crime ring arrested in South Korea laundered over $100 million worth of crypto,https://www.coindesk.com/business/2026/01/19/chinese-crime-ring-arrested-in-south-korea-laundered-over-usd100-million-worth-of-crypto,
