feed,title,long_url,short_url
SeekingAlpha,"Five Below: Finally, Some Love From The Market",https://seekingalpha.com/article/4377410,
