feed,title,long_url,short_url
Benzinga,"At 6.9% CAGR, Global Quartz Market Size & Share Worth USD 11,947.91 Million by 2028 | Quartz Industry Analysis, Trends, Value, Demand & Forecast Report by Facts & Factors",https://benzinga.com/pressreleases/22/06/g27571342/at-6-9-cagr-global-quartz-market-size-share-worth-usd-11-947-91-million-by-2028-quartz-industry-an,
