feed,title,long_url,short_url
SeekingAlpha,Vanguard Short-Term Tax-Exempt Bond ETF declares monthly distribution of $0.2210,https://seekingalpha.com/news/3997741,
SeekingAlpha,"Proto Labs raised to ""Hold"" at Craig Hallum after results",https://seekingalpha.com/news/3997740,
SeekingAlpha,BondBloxx B Rated USD High Yield Corporate Bond ETF declares monthly distribution of $0.2630,https://seekingalpha.com/news/3997739,
SeekingAlpha,VanEck Energy Income ETF declares monthly distribution of $1.1117,https://seekingalpha.com/news/3997738,
SeekingAlpha,CSX falls as BofA downgraded on key executive departure,https://seekingalpha.com/news/3997725,
SeekingAlpha,Bionano Genomics announces reverse stock split,https://seekingalpha.com/news/3997737,
