feed,title,long_url,short_url
SeekingAlpha,Erosion Beneath Euphoria,https://seekingalpha.com/article/4471679,
