feed,title,long_url,short_url
Investing,"AT&T, Verizon agree to new precautions to address 5G air safety concerns",https://investing.com/news/-2689655,
