feed,title,long_url,short_url
Motley,"Up Over 900% in the Last Year, Investors Continue to Love AppLovin's Strong Growth. Is It Too Late to Buy the Stock?",https://www.fool.com/investing/2025/02/17/up-over-900-in-the-last-year-investors-continue-to/?source=iedfolrf0000001,https://da.gd/hvqKB
Motley,Prediction: This Long-Awaited Catalyst Could Drive Rivian Stock Higher in 2025,https://www.fool.com/investing/2025/02/17/prediction-this-long-awaited-catalyst-will-drive-r/?source=iedfolrf0000001,https://da.gd/w5rLT3
