feed,title,long_url,short_url
Motley,3 Ways Working 1 Extra Year Could Work Wonders for Your Retirement,https://www.fool.com/investing/2022/04/15/3-ways-working-1-extra-year-could-work-wonders-for/?source=iedfolrf0000001,https://bit.ly/3xuI1ZS
