feed,title,long_url,short_url
gNews,"Markets revisit familiar ground, and that has investors jittery - Axios",https://news.google.com/rss/articles/CBMib0FVX3lxTE1MeTJjWGl4X3lBYXNJcXJHVGRmM2Z5UjJxTXR5SmdweThYemlUMlBYbHBQeEhPdkNkd0dhTWE5SS1ZSm9GQlcyR0N0Ti1xbk1WdHRYVnBnLWthb0RKR3p2eHZSVjQ5bjFlNDQtZDBvRQ?oc=5,https://da.gd/pIIa
gNews,Stock market today: Wall Street poised to add to last week’s gains when markets open Monday - KLFY.com,https://news.google.com/rss/articles/CBMitwFBVV95cUxPa2M2YVM5cnF5dkhaeXJseXIxYjJoRktCbklOVEdkeUZ1SWhTVVNuQXlWTy1SRmk2MEhMQTlzV3JvemRtSWxrUTB4ZmJFaXJkWTF3UjNGdm1Bb19jSlBmTk1vRDVneWxxM05WVERtTUljdF9aNGZMZFc4SUQ3Tzd4Vkdhc2JydkMzcWlXVXUyZnNFQjFZLTkzM3Z5cVZlYmtWR0NNQWE2aW1VUkQ5UTlDRmNDaWdITUXSAbwBQVVfeXFMTzRjMXktSzhPTEJBdkQyc3BQU01PcThzcEgxWkt3Qno1MUhHbVFxT05iLUFYRmxMdHhhaVR4M3R2RmhsUDhncndqbmtjdEhSUW80N1p5NFgxcFd3dHJ1NkdqaWFyOXRSSk9ORWR0YmFxVGR4WWpvd2RtckUtbUs2WlZpM1JZWXRzV3NNbGlNX3psMWZDeGx4MnVYUTNtb3lHOXJKNFk2cVBQZzM3V2t4YldwVHZJRHk3MllDYlQ?oc=5,https://da.gd/znHW7C
