feed,title,long_url,short_url
ETFdb,Invest Opulently With GBUY,https://etfdb.com/future-etfs-channel/invest-opulently-with-gbuy/,https://bit.ly/3xOYarS
