feed,title,long_url,short_url
InsiderMonkey,10 Value Stocks to Buy According to Billionaire David Tepper,https://insidermonkey.com/blog/--1048845,
