feed,title,long_url,short_url
Motley,"If the Future of Digital Payments is Crypto, Then This Long-Time Internet Darling Could Soar",https://www.fool.com/investing/2022/06/06/if-the-future-of-digital-payments-is-crypto-then-t/?source=iedfolrf0000001,https://bit.ly/3GTyDSd
