feed,title,long_url,short_url
SeekingAlpha,BSV: Neither Here Nor There,https://seekingalpha.com/article/4516696,
