feed,title,long_url,short_url
SeekingAlpha,II-VI: Growth At A Reasonable Price,https://seekingalpha.com/article/4356289,
SeekingAlpha,MAG Silver And Its Projected Cash Flows From Mining Operations,https://seekingalpha.com/article/4356288,
