feed,title,long_url,short_url
Investopedia,4 All-Star Fidelity Portfolio Managers,https://www.investopedia.com/articles/investing/122215/5-allstar-fidelity-portfolio-managers.asp?utm_campaign=rss_headlines&utm_source=rss&utm_medium=referral,https://j.mp/31tbbbZ
Investopedia,How do businesses determine if an asset may be impaired?,https://www.investopedia.com/ask/answers/042415/how-do-businesses-determine-if-asset-may-be-impaired.asp?utm_campaign=rss_headlines&utm_source=rss&utm_medium=referral,https://j.mp/2AeQPYE
Investopedia,Best Beach Towns in North Carolina for Investing,https://www.investopedia.com/articles/personal-finance/092215/beach-house-investing-best-beach-towns-north-carolina.asp?utm_campaign=rss_headlines&utm_source=rss&utm_medium=referral,https://j.mp/31pc854
Investopedia,Why Marriage Makes Financial Sense,https://www.investopedia.com/financial-edge/0412/why-marriage-makes-financial-sense.aspx?utm_campaign=rss_headlines&utm_source=rss&utm_medium=referral,https://j.mp/3dMubEC
Investopedia,Should You Insure Your Wedding Ring?,https://www.investopedia.com/articles/personal-finance/062615/it-worth-it-insure-my-wedding-ring.asp?utm_campaign=rss_headlines&utm_source=rss&utm_medium=referral,https://j.mp/2BomgQL
Investopedia,How Big Is America's Underground Economy?,https://www.investopedia.com/articles/markets/032916/how-big-underground-economy-america.asp?utm_campaign=rss_headlines&utm_source=rss&utm_medium=referral,https://j.mp/3g8PTo2
Investopedia,Top Utilities Stocks for July 2020,https://www.investopedia.com/top-utilities-stocks-4582243?utm_campaign=rss_headlines&utm_source=rss&utm_medium=referral,https://j.mp/2XFRzOh
Investopedia,Top Small Cap Stocks for July 2020,https://www.investopedia.com/investing/top-small-cap-stocks/?utm_campaign=rss_headlines&utm_source=rss&utm_medium=referral,https://j.mp/3gxHETw
Investopedia,Declare Your Own Financial Independence Day,https://www.investopedia.com/financial-edge/0611/declare-your-own-financial-independence-day.aspx?utm_campaign=rss_headlines&utm_source=rss&utm_medium=referral,https://j.mp/3gfNVCt
Investopedia,Top Gold Stocks for July 2020,https://www.investopedia.com/investing/gold-stocks/?utm_campaign=rss_headlines&utm_source=rss&utm_medium=referral,https://j.mp/3cd6yV2
Investopedia,What Happens When a Stock Broker Goes Bust?,https://www.investopedia.com/articles/investing/050515/what-happens-when-stock-broker-goes-bust.asp?utm_campaign=rss_headlines&utm_source=rss&utm_medium=referral,https://j.mp/3eNmtLT
Investopedia,How long will it take for a savings bond to reach its face value?,https://www.investopedia.com/ask/answers/111714/how-long-will-it-take-bond-reach-its-face-value.asp?utm_campaign=rss_headlines&utm_source=rss&utm_medium=referral,https://j.mp/2YLkd2o
Investopedia,How Do Real Estate Hedge Funds Work?,https://www.investopedia.com/ask/answers/110215/how-do-real-estate-hedge-funds-work.asp?utm_campaign=rss_headlines&utm_source=rss&utm_medium=referral,https://j.mp/2ZlaH4V
Investopedia,Successful Foreclosure Investing Strategies,https://www.investopedia.com/articles/mortgages-real-estate/08/investing-in-foreclosures.asp?utm_campaign=rss_headlines&utm_source=rss&utm_medium=referral,https://j.mp/3gnsHTl
Investopedia,How Inflation Impacts Your Savings,https://www.investopedia.com/articles/investing/090715/how-inflation-affects-your-cash-savings.asp?utm_campaign=rss_headlines&utm_source=rss&utm_medium=referral,https://j.mp/3eO6gGj
Investopedia,Getting the Whole Story on Variable Annuities,https://www.investopedia.com/retirement/variable-annuities-whole-story/?utm_campaign=rss_headlines&utm_source=rss&utm_medium=referral,https://j.mp/2BeXzGJ
