feed,title,long_url,short_url
Investing,"Analysis-SpaceX’s Starship test strengthens IPO case, though hurdles remain",https://www.investing.com/news/stock-market-news/analysisspacexs-starship-test-strengthens-ipo-case-though-hurdles-remain-4711224,
Investing,Taiwan stocks higher at close of trade; Taiwan Weighted up 3.26%,https://www.investing.com/news/stock-market-news/taiwan-stocks-higher-at-close-of-trade-taiwan-weighted-up-326-4711223,
Investing,Job ad for shepherds goes viral in China exposing labour market strains,https://www.investing.com/news/economic-indicators/job-ad-for-shepherds-goes-viral-in-china-exposing-labour-market-strains-4711226,
