feed,title,long_url,short_url
Benzinga,"Identity As A Service Market size worth $ 19.40 Billion, Globally, by 2028 at 22.0% CAGR: Verified Market Research®",https://benzinga.com/pressreleases/21/09/n23156304/identity-as-a-service-market-size-worth-19-40-billion-globally-by-2028-at-22-0-cagr-verified-marke,
Benzinga,"Silicone Film Market size worth $ 1,271.58 Million, Globally, by 2027 at 5.95% CAGR: Verified Market Research®",https://benzinga.com/pressreleases/21/09/g23156297/silicone-film-market-size-worth-1-271-58-million-globally-by-2027-at-5-95-cagr-verified-market-res,
