feed,title,long_url,short_url
SeekingAlpha,ARK Next Generation Internet ETF: What Goes Up Must Not Always Come Down,https://seekingalpha.com/article/4414709,
