feed,title,long_url,short_url
Coinfomania,Binance Warns of Fabricated Scam Reports Targeting Executives,https://coinfomania.com/binance-warns-of-fabricated-scam-reports-targeting-executives/,
