feed,title,long_url,short_url
Investing,Crypto Market Shows Signs of Recovery as Risk Measures Improve,https://www.investing.com/news/cryptocurrency-news/crypto-market-shows-signs-of-recovery-as-risk-measures-improve-93CH-3186534,https://da.gd/AYJv5
Investing,"What is Ethereum ETF, and how could VanEck’s launch impact crypto?",https://www.investing.com/news/cryptocurrency-news/what-is-ethereum-etf-and-how-could-vanecks-launch-impact-crypto-3186528,https://da.gd/N8gydu
Investing,FTX’s $3.4B crypto liquidation: What it means for crypto markets,https://www.investing.com/news/cryptocurrency-news/ftxs-34b-crypto-liquidation-what-it-means-for-crypto-markets-3186525,https://da.gd/CB3oB
Investing,International Paper set to release Q3 2023 earnings on October 26,https://www.investing.com/news/stock-market-news/international-paper-set-to-release-q3-2023-earnings-on-october-26-93CH-3186539,https://da.gd/tCuG5a
Investing,"Earnings call: H&M Group's Q3 2023 Results Show Strong Early Sales, Inventory Efficiency, and Future Expansion Plans",https://www.investing.com/news/stock-market-news/earnings-call-hm-groups-q3-2023-results-show-strong-early-sales-inventory-efficiency-and-future-expansion-plans-93CH-3186536,https://da.gd/8OcuMI
Investing,Earning Call: Theratechnologies Q3 2023: Positive Financial Results and Promising Pipeline Developments,https://www.investing.com/news/stock-market-news/earning-call-theratechnologies-q3-2023-positive-financial-results-and-promising-pipeline-developments-93CH-3186535,https://da.gd/M7Ejo
Investing,"Earnings Call: Millerknoll Reports Strong Q1, Raises Guidance Amid Optimistic Outlook",https://www.investing.com/news/stock-market-news/earnings-call-millerknoll-reports-strong-q1-raises-guidance-amid-optimistic-outlook-93CH-3186538,https://da.gd/NjZXS
Investing,Hopes rise for IPO recovery after September deal rush,https://www.investing.com/news/stock-market-news/hopes-rise-for-ipo-recovery-after-september-deal-rush-3186531,https://da.gd/WXEWrW
Investing,Earnings Call: MEI Pharma Outlines Progress in Clinical-Stage Programs and Financial Standing,https://www.investing.com/news/stock-market-news/earnings-call-mei-pharma-outlines-progress-in-clinicalstage-programs-and-financial-standing-93CH-3186530,https://da.gd/6qm1LL
Investing,JPMorgan introduces new hedged equity ETF amid market uncertainty,https://www.investing.com/news/stock-market-news/jpmorgan-introduces-new-hedged-equity-etf-amid-market-uncertainty-93CH-3186527,https://da.gd/osNW
Investing,Earnings call: Aytu BioPharma reports record revenues and plans to focus on Rx segment,https://www.investing.com/news/stock-market-news/earnings-call-aytu-biopharma-reports-record-revenues-and-plans-to-focus-on-rx-segment-93CH-3186523,https://da.gd/e54V
Investing,Walgreens considers former Cigna exec. Tim Wentworth as next CEO - Bloomberg News,https://www.investing.com/news/stock-market-news/walgreens-considers-former-cigna-exec-tim-wentworth-as-next-ceo--bloomberg-news-3186522,https://da.gd/Ghvj
Investing,Mexican auto lobby urges authorities to fix border 'crisis' as trade hit,https://www.investing.com/news/economy/mexican-auto-lobby-urges-authorities-to-fix-border-crisis-as-trade-hit-3186532,https://da.gd/HdDOu
