feed,title,long_url,short_url
SA,[ntrs] Deutsche Bank opens Buy catalyst call on Northern Trust ahead of Q1 earnings,https://seekingalpha.com/news/4081191,
