feed,title,long_url,short_url
SeekingAlpha,Catalent jumps as guidance raise highlights post-COVID growth,https://seekingalpha.com/news/3831065,
SeekingAlpha,Lilly partners with AI-focused Genesis Therapeutics in up to $670M deal,https://seekingalpha.com/news/3831062,
