feed,title,long_url,short_url
Motley,Utility Tokens vs. Security Tokens: What's the Difference?,https://www.fool.com/investing/2021/11/16/utility-tokens-vs-security-tokens-whats-the-differ/?source=iedfolrf0000001,https://j.mp/3ChfXYF
Motley,"After Earnings, a Long-Awaited Comeback for PagSeguro May Have Finally Begun",https://www.fool.com/investing/2021/11/16/after-earnings-a-long-awaited-comeback-for-pagsegu/?source=iedfolrf0000001,https://j.mp/3HptqSb
