feed,title,long_url,short_url
CryptoNews,"Bitcoin Price Prediction as BTC Faces Crucial $28,500 Threshold – Will it Break Through to Higher Ground?",https://cryptonews.com/news/bitcoin-price-prediction-as-btc-faces-crucial-28500-threshold-will-it-break-through-higher-ground.htm,https://da.gd/OC6Mm
