feed,title,long_url,short_url
SeekingAlpha,Lincoln Park reports Q4 results,https://seekingalpha.com/news/3666092,
SeekingAlpha,Canfor reports Q4 results,https://seekingalpha.com/news/3666091,
SeekingAlpha,"Forterra EPS beats by $0.24, beats on revenue",https://seekingalpha.com/news/3666090,
SeekingAlpha,On the hour,https://seekingalpha.com/news/3666089,
