feed,title,long_url,short_url
SeekingAlpha,We Are Buying These 2 REITs,https://seekingalpha.com/article/4375205,
SeekingAlpha,Albemarle: Wait For A Better Entry Point,https://seekingalpha.com/article/4375424,
