feed,title,long_url,short_url
CryptoNewsFlash,"Cardano’s Next Move Could “Shock” as ADA Targets $1 and Beyond, Analyst Says",https://crypto-news-flash.com/cardanos-next-move-could-shock-as-ada-targets-1-and-beyond-analyst-says/,
