feed,title,long_url,short_url
SeekingAlpha,InterDigital +6% on Q3 rising operating margins,https://seekingalpha.com/news/3632289,
SeekingAlpha,BioDelivery Sciences jumps 8% on Q3 beat,https://seekingalpha.com/news/3632287,
SeekingAlpha,Titan International shares up on margin improvement and optimistic 2021,https://seekingalpha.com/news/3632286,
SeekingAlpha,Iberdrola plans €75B investment to triple renewable energy capacity,https://seekingalpha.com/news/3632288,
