feed,title,long_url,short_url
💰Barrons,This Jeopardy! Champion Is Leading Kalshi’s Perpetual Futures Business,https://barrons.com/articles/kalshi-prime-perpetual-futures-prediction-markets-d9e0da9d?mod=RTA,
💰Barrons,Why Intel's $20 Billion Stock Offering Is Actually a Great Sign for the Company,https://barrons.com/articles/intel-stock-equity-offering-ai-chips-3a320f4d?mod=RTA,
