feed,title,long_url,short_url
Motley,Here's Why FireEye Stock Plunged Today,https://www.fool.com/investing/2021/06/03/heres-why-fireeye-stock-plunged-today/?source=iedfolrf0000001,https://j.mp/3gaHaDm
