feed,title,long_url,short_url
TheStreet,Oil Prices Rebound As Taiwan-Based Tanker Runs Aground In Suez Canal,https://www.thestreet.com/investing/oil-rebounds-sharply-as-taiwan-based-tanker-blocks-suez-canal,https://j.mp/2Qzacnc
