feed,title,long_url,short_url
InsiderMonkey,KLA Corporation (KLAC): Among Stocks to Buy That May Be Splitting Soon,https://insidermonkey.com/blog/--1485299,
InsiderMonkey,Fidelity National Information Services (FIS): Among the Best Fintech Stocks to Buy According to Billionaires,https://insidermonkey.com/blog/--1485161,
