feed,title,long_url,short_url
Yahoo,Stock Futures Rising Ahead of Fed Rate Decision,https://finance.yahoo.com/m/c9912d3a-b897-371a-9f3f-d08ee85ed4b4/stock-futures-rising-ahead-of.html?.tsrc=rss,https://da.gd/eanq
Yahoo,Tesla Stock Rises After Musk Hannity Interview as It Tries to Avoid 9-Week Losing Streak,https://finance.yahoo.com/m/54473161-d287-3a8b-9b55-88799dcca799/tesla-stock-rises-after-musk.html?.tsrc=rss,https://da.gd/3d6Ps
