feed,title,long_url,short_url
Motley,2 Great Tech Stocks to Buy If the Stock Market Crashes,https://www.fool.com/investing/2025/03/19/2-great-tech-stocks-to-buy-stock-market-crash/?source=iedfolrf0000001,https://da.gd/Xm9TO
