feed,title,long_url,short_url
InsiderMonkey,Here’s What Makes Bowman Consulting Group (BWMN) a Great Investment Choice,https://insidermonkey.com/blog/--1031982,
InsiderMonkey,10 Undervalued Small-Cap Stocks to Buy Now,https://insidermonkey.com/blog/--1032009,
InsiderMonkey,Here’s Why You Should Consider Investing in Red Violet (RDVT),https://insidermonkey.com/blog/--1031981,
InsiderMonkey,Here’s Why FPA Queens Road Increased its MGIC Investment Corp. (MTG) Stake,https://insidermonkey.com/blog/--1031970,
InsiderMonkey,FPA Queens Road on SAIC: “We Remain Positive on the Company’s Outlook”,https://insidermonkey.com/blog/--1031963,
InsiderMonkey,5 Undervalued Small-Cap Stocks to Buy Now,https://insidermonkey.com/blog/--1032010,
InsiderMonkey,10 Semiconductor Stocks To Buy Today According to Billionaire Ken Fisher,https://insidermonkey.com/blog/--1031617,
