feed,title,long_url,short_url
💰Barrons,Rackspace Slides as Profits Miss Estimates. The Company Is No Longer for Sale.,https://barrons.com/articles/rackspace-earnings-stock-price-sale-51660158162?mod=RTA,https://bit.ly/3Aek1ez
