feed,title,long_url,short_url
Investing,UK Court recognizes NFTs as ‘private property’ — What now?,https://investing.com/news/-2824985,
