feed,title,long_url,short_url
MarketWatch,Key Words: Fauci says he’s not surprised that Trump caught coronavirus,http://www.marketwatch.com/news/story.asp?guid=%7B21004575-02D4-D4B5-4572-D924E2BF1B25%7D&siteid=rss&rss=1,https://j.mp/2T5U3U9
