feed,title,long_url,short_url
DailyHodl,"$16,800,000 Drained From Official Bank Accounts As Uganda Central Bank Hacked: Report",https://dailyhodl.com/2024/11/30/16800000-drained-from-official-bank-accounts-as-uganda-central-bank-hacked-report/,https://da.gd/iwg2QW
