feed,title,long_url,short_url
Motley,Is It Too Late to Buy Lululemon Stock?,https://www.fool.com/investing/2023/06/07/is-it-too-late-to-buy-lululemon-stock/?source=iedfolrf0000001,https://da.gd/TlEr6w
