feed,title,long_url,short_url
SeekingAlpha,Cannabis Investing Masterclass With Julian Lin + Jerry Derevyanny,https://seekingalpha.com/article/4694831,
