feed,title,long_url,short_url
Benzinga,Circuit Monitoring Market Forecast to Surpass $829 million by 2028 with a CAGR of 4.7% – Report by MarketsandMarkets™,https://benzinga.com/pressreleases/24/03/g37863876/circuit-monitoring-market-forecast-to-surpass-829-million-by-2028-with-a-cagr-of-4-7-report-by-mar,
