feed,title,long_url,short_url
Investing,Australia retail sales grow as expected in Jan on higher food spending,https://www.investing.com/news/economic-indicators/australia-retail-sales-grow-as-expected-in-jan-on-higher-food-spending-3904468,https://da.gd/Q4OqqI
Investing,"RBA not committed to more interest rate cuts after Feb easing, minutes show",https://www.investing.com/news/economy/rba-not-committed-to-more-interest-rate-cuts-after-feb-easing-minutes-show-3904464,https://da.gd/hRR8r
