feed,title,long_url,short_url
YahooFinance,"Bitcoin, Other Cryptos Tick Up After Earlier Losses",https://finance.yahoo.com/m/035ae5d1-1a5b-3be3-b5c5-73c7bfe9115e/bitcoin%2C-other-cryptos-tick.html?.tsrc=rss,https://da.gd/He7SpG
