feed,title,long_url,short_url
Yahoo,"These Stocks Are Moving the Most Today: Tesla, Nvidia, Fidelity National Financial",https://finance.yahoo.com/m/ca221b3c-c65a-316c-802d-02c81f167c69/these-stocks-are-moving-the.html?.tsrc=rss,https://da.gd/8IiH9
