feed,title,long_url,short_url
CryptoDailyUK,Could Lightchain AI Be the Next Solana? Analysts Predict Explosive Growth,https://cryptodaily.co.uk/2024/12/could-lightchain-ai-be-the-next-solana-analysts-predict-explosive-growth,https://da.gd/Vgkt
