feed,title,long_url,short_url
SA,[aeo] Notable earnings after Wednesday's close,https://seekingalpha.com/news/3880456,
SA,[cprt] Copart Q4 2022 Earnings Preview,https://seekingalpha.com/news/3880513,
SA,[asan] Asana Q2 2023 Earnings Preview,https://seekingalpha.com/news/3880510,
SA,[avav] AeroVironment Q1 2023 Earnings Preview,https://seekingalpha.com/news/3880512,
SA,[play] Dave & Buster's Q2 2023 Earnings Preview,https://seekingalpha.com/news/3880514,
SA,[aeo] American Eagle Outfitters Q2 2023 Earnings Preview,https://seekingalpha.com/news/3880511,
