feed,title,long_url,short_url
Reuters,Yields rise ahead of U.S. manufacturing data,https://reuters.com/article/idUSL1N2FY0F4,
