feed,title,long_url,short_url
FXEmpire,Toshiba shares jump as buyout speculation mounts,https://www.fxempire.com/news/article/toshiba-shares-jump-as-buyout-speculation-mounts-955002,https://bit.ly/3NFUsb6
FXEmpire,"Don’t throw Russia out of G20, aid group says, with eye on food crisis",https://www.fxempire.com/news/article/dont-throw-russia-out-of-g20-aid-group-says-with-eye-on-food-crisis-955004,https://bit.ly/3IXZaxp
FXEmpire,"Japan freezes assets of 4 more Russian organisations, others for involvement in N.Korea’s weapons projects",https://www.fxempire.com/news/article/japan-freezes-assets-of-4-more-russian-organisations-others-for-involvement-in-n-koreas-weapons-projects-955005,https://bit.ly/387AGVs
