feed,title,long_url,short_url
NewsBTC,Apecoin Price Likely To Climb 20% If APE Can Sustain Its Energy,https://www.newsbtc.com/news/apecoin-price-likely-to-climb-20/,https://bit.ly/3EgacyY
