feed,title,long_url,short_url
gNews,China Stock Exchanges To Close May 2-4 For Labor Day Holidays - Forbes,https://www.forbes.com/sites/russellflannery/2022/05/01/china-stock-exchanges-to-close-may-2-4-for-labor-day-holidays/,https://bit.ly/3LFKsx1
gNews,Big Tech Can’t Easily Fix the Stock Market’s Woes This Time - Barron's,https://www.barrons.com/articles/big-tech-stock-market-earnings-51651276179,https://bit.ly/3F3KP22
