feed,title,long_url,short_url
TheStreet,Will the Housing Market Crash? (May 2022),https://www.thestreet.com/investing/will-the-housing-market-crash-may-2022,https://bit.ly/3LvyGEt
