feed,title,long_url,short_url
Motley,Prediction: This AI Stock Will Be Worth More Than Apple By the End of 2025,https://www.fool.com/investing/2025/05/17/prediction-ai-stock-worth-more-than-apple-2025/?source=iedfolrf0000001,https://da.gd/IyNgt
Motley,4 Reasons to Buy Huntington Ingalls Industries Stock Like There's No Tomorrow,https://www.fool.com/investing/2025/05/17/4-reasons-to-buy-huntington-ingalls-industries-sto/?source=iedfolrf0000001,https://da.gd/1vCUv9
