feed,title,long_url,short_url
CryptoNewsFlash,Is Dogecoin (DOGE) Ready to Rocket? Price Analysis Indicates a Breakout Imminent,https://crypto-news-flash.com/is-dogecoin-doge-ready-to-rocket-price-analysis-indicates-a-breakout-imminent/,
CryptoNewsFlash,The Avalanche Foundation Bets on Meme Coins in a Boost to Digital Culture,https://crypto-news-flash.com/the-avalanche-foundation-bets-on-meme-coins-in-a-boost-to-digital-culture/,
