feed,title,long_url,short_url
SeekingAlpha,Black Stone Minerals Remains A Great Energy Play,https://seekingalpha.com/article/4667889,
SeekingAlpha,Underperformance By Junior Gold Miners And The Diversified GDXJ ETF,https://seekingalpha.com/article/4667885,
