feed,title,long_url,short_url
gNews,Today's Stock Market News & Events: 9/20/2022 - Schaeffers Research,https://www.schaeffersresearch.com/content/news/2022/09/20/todays-stock-market-news-events-9-20-2022,https://bit.ly/3xEWzWi
