feed,title,long_url,short_url
SeekingAlpha,Smart Share Global Charges Back To Growth After Covid Winter,https://seekingalpha.com/article/4596170,
