feed,title,long_url,short_url
Yahoo,EPAM Systems (EPAM) & Sitecore Form Global Strategic Alliance,https://finance.yahoo.com/news/epam-systems-epam-sitecore-form-142702398.html?.tsrc=rss,https://da.gd/oEfz1
