feed,title,long_url,short_url
AmbCrypto,6 Best cryptos to invest in 2024: BlockDAG leads the list,https://ambcrypto.com/6-best-cryptos-to-invest-in-2024-blockdag-leads-the-list/,https://da.gd/uIpqa
