feed,title,long_url,short_url
SeekingAlpha,Fortinet: More To Come Despite The Premium Valuation,https://seekingalpha.com/article/4453819,
