feed,title,long_url,short_url
Motley,Stock-Split Watch: Is ASML Next?,https://www.fool.com/investing/2024/08/15/stock-split-watch-is-asml-next/?source=iedfolrf0000001,https://da.gd/XXKIdv
