feed,title,long_url,short_url
Motley,"Want an Extra $1,000 in Annual Dividend Payments? Invest $9,700 in These 2 Ultra-High-Yield Stocks",https://www.fool.com/investing/2025/08/23/want-an-extra-1000-in-annual-dividend-payments-inv/?source=iedfolrf0000001,
Motley,Billionaire Stanley Druckenmiller Just Bought More of My Favorite Artificial Intelligence (AI) Pick,https://www.fool.com/investing/2025/08/23/billionaire-stanley-druckenmiller-just-bought-more/?source=iedfolrf0000001,
Motley,"2 Dirt-Cheap Stocks to Buy With $1,000 Right Now",https://www.fool.com/investing/2025/08/23/2-dirt-cheap-stocks-to-buy-with-1000-right-now/?source=iedfolrf0000001,
