feed,title,long_url,short_url
SeekingAlpha,OneWater Marine: Challenging Quarters Are Coming,https://seekingalpha.com/article/4651938,
SeekingAlpha,"Madison Square Garden Sports: Quarterly Double-Digit Net Sales Growth, And Not Expensive",https://seekingalpha.com/article/4651937,
