feed,title,long_url,short_url
Benzinga,"At 9.50% CAGR, Global Blood Group Typing Market Size & Share Will Hit US$ 5093.63 Million by 2028 | Industry Trends, Demand, Growth, Value, Analysis & Forecast Report by Zion Market Research",https://benzinga.com/pressreleases/22/08/n28296028/at-9-50-cagr-global-blood-group-typing-market-size-share-will-hit-us-5093-63-million-by-2028-indus,
Benzinga,"The Global Portable Engraving System Market is expected to grow by $ 194.3 mn during 2022-2026, accelerating at a CAGR of 5.44% during the forecast period",https://benzinga.com/pressreleases/22/08/g28296014/the-global-portable-engraving-system-market-is-expected-to-grow-by-194-3-mn-during-2022-2026-accel,
