feed,title,long_url,short_url
AmbCrypto,Polygon’s zkEVM vs zkSync – The ‘how’ of it all,https://ambcrypto.com/heres-how-polygons-zkevm-competes-against-zksync/,https://da.gd/Nfl1
