feed,title,long_url,short_url
gNews,Better AI Growth Buy for 2025: Nvidia vs Broadcom - The Motley Fool,https://news.google.com/rss/articles/CBMilgFBVV95cUxQMXpZMnVSdWxSemVJakhSMlVvS19WSTVuZEdfekhXaEdKQ3ltc29ESFprbENfeUhsd3lnWVJIY1BrZDByNlI2R2QxYUFic3pXc09jTHVCZHd2WjlqeUlpRWwtWkVyMXNhb19EbHFyZFRqcmRVVnVjeWV3a3J3dFo0M1VKcEwxd29jMFR1ampzVkMzUTBaVWc?oc=5,https://da.gd/nRatDP
