feed,title,long_url,short_url
SeekingAlpha,Merck Keytruda with Eisai’s Lenvima succeeds in late-stage trial for liver cancer,https://seekingalpha.com/news/4149794,
