feed,title,long_url,short_url
ETFdb,What Might Derail the Bear Market Rally?,https://etfdb.com/etf-strategist-channel/what-might-derail-the-bear-market-rally/,https://bit.ly/3EQGcK3
