feed,title,long_url,short_url
MarketWatch,NewsWatch: Meme-stock traders start to converge on shares of insulin-pump maker Senseonics,http://www.marketwatch.com/news/story.asp?guid=%7B4ADB768A-1063-494F-BBF8-661286997DDC%7D&siteid=rss&rss=1,https://on.mktw.net/3pRgEDy
