feed,title,long_url,short_url
Motley,2 Brilliant Growth Stocks to Buy Now and Hold for the Long Term,https://www.fool.com/investing/2025/03/11/brilliant-growth-stocks-to-buy-now-and-hold/?source=iedfolrf0000001,https://da.gd/1YPAGN
