feed,title,long_url,short_url
FinboldCrypto,Bybit integrates Fireblocks to lower counterparty risk,https://finbold.com/bybit-integrates-fireblocks-to-lower-counterparty-risk/,https://da.gd/mlW9w
