feed,title,long_url,short_url
💰Barrons,Toyota Halved Its Stake in Uber Stock,https://barrons.com/articles/toyota-stock-uber-51655996179?mod=RTA,https://bit.ly/3zYtWoM
