feed,title,long_url,short_url
SeekingAlpha,Vanguard U.S. Quality Factor ETF: Useful And Cheap,https://seekingalpha.com/article/4519925,
