feed,title,long_url,short_url
gNews,Stock market today: Wall Street falls again as its march to records loses more steam - Beckley Register-Herald,https://news.google.com/rss/articles/CBMikAJBVV95cUxNZEk5WG5EUDNkSUpFS0pRLW93TnIwYWdUeGZISHNOY1k5dXpvY011RFY4Wm5fVGhaNWJQMk81cHlLcE5VRGlmV3ViV3JicWRNNEY4aF9XNjZLY2NLX0tJQnFmVFlmdEpqMnZuYUJtSVhwZTZidWp3bXhrUEZOem9IOWFDczdqSjNpRlh2TXhyZmt6Yk5mOVBRUmxfMkI4UzR6aEpIaWVFeks4d19VSEZLOGZoNFU1VDdJUThEeEN6MHVoUUZVZzRCSE1CQ1k4V1prQWVNVFQ1NG1FWmI2RkhvQ2R0ODhYOTl6d1BMQlFjalZHb1ktbkFWZG5DNU5FTHByTWtLOWY2Q25QNFFqM1BzOA?oc=5,https://da.gd/jA4WgF
