feed,title,long_url,short_url
SA,[TD] TD Bank: A Nice 4% Dividend Yield But Waiting On Better Earnings In Q3,https://seekingalpha.com/article/4622090,
