feed,title,long_url,short_url
💰Barrons,CommScope Stock Is Plunging. Carriers Slowed Their Spending.,https://barrons.com/articles/commscope-stock-earnings-guidance-f272e83b?mod=RTA,https://da.gd/U6Wa
