feed,title,long_url,short_url
Motley,Don't Rely on These Analyst Price Targets: More Downgrades Could Be Coming for These 3 Struggling Stocks,https://www.fool.com/investing/2024/09/07/dont-rely-on-these-analyst-price-targets-more-down/?source=iedfolrf0000001,https://da.gd/xR64i
