feed,title,long_url,short_url
Yahoo,"CLASS ACTION UPDATE for BABA, SPLK and KNDI: Levi & Korsinsky, LLP Reminds Investors of Class Actions on Behalf of Shareholders",https://finance.yahoo.com/news/class-action-baba-splk-kndi-171500205.html?.tsrc=rss,https://yhoo.it/2LelZEU
