feed,title,long_url,short_url
Investing,China’s blockchain ambitions set in stone after mention in national five-year plan,https://investing.com/news/-2445889,
Investing,Litecoin Climbs 10% As Investors Gain Confidence,https://investing.com/news/-2445887,
