feed,title,long_url,short_url
SeekingAlpha,Comstock Resources May Generate Over $1 Billion In Positive Cash Flow In 2023,https://seekingalpha.com/article/4565200,
