feed,title,long_url,short_url
Yahoo,Tesla EVs Will Cost More in China. U.S. Buyers Are Expecting a Deal.,https://finance.yahoo.com/m/1be2953b-fb74-369d-8e44-df1f53c662c1/tesla-evs-will-cost-more-in.html?.tsrc=rss,https://yhoo.it/3FhzoVZ
