feed,title,long_url,short_url
💰Barrons,"Shame on Us, Gen X. We Aren’t Saving Nearly Enough for Retirement.",https://barrons.com/advisor/articles/gen-x-retirement-savings-schroders-c24cd0de?mod=RTA,https://da.gd/I0sH
