feed,title,long_url,short_url
SeekingAlpha,What's In Your Wallet? How To Profit From Capital One's $35.3 Billion Acquisition Of Discover,https://seekingalpha.com/article/4671631,
