feed,title,long_url,short_url
InvestorPlace,3 Dividend Stocks Under $10 With High Growth Potential,https://investorplace.com/2024/02/3-dividend-stocks-under-10-with-high-growth-potential/,https://da.gd/Qmruf
InvestorPlace,3 Bargain Basement Tech Stocks Worth Speculating On,https://investorplace.com/2024/02/3-bargain-basement-tech-stocks-worth-speculating-on/,https://da.gd/iF6D
InvestorPlace,Epic Crypto Comebacks: 7 Coins Set for a Bullish Breakthrough,https://investorplace.com/2024/02/epic-crypto-comebacks-7-coins-set-for-a-bullish-breakthrough/,https://da.gd/8UEVYB
InvestorPlace,3 Top Sectors Investment Dollars Are Pouring Into Now: February 2024,https://investorplace.com/2024/02/3-top-sectors-investment-dollars-are-pouring-into-now-february-2024/,https://da.gd/GH3SE
InvestorPlace,Putting the Pedal to the (Battery) Metal,https://investorplace.com/smartmoney/2024/02/putting-the-pedal-to-the-battery-metal/,https://da.gd/AK17H
