feed,title,long_url,short_url
Cointelegraph,Missing Bitcoin and lost execs: Halloween’s creepiest crypto mysteries,https://cointelegraph.com/news/missing-bitcoin-halloween-crypto-mysteries?utm_source=rss_feed&utm_medium=rss&utm_campaign=rss_partner_inbound,https://da.gd/KpPa4
Cointelegraph,Web3 gaming still ‘immature’ but presents opportunities — Execs,https://cointelegraph.com/news/web3-gaming-challenges-opportunities-binance-event?utm_source=rss_feed&utm_medium=rss&utm_campaign=rss_partner_inbound,https://da.gd/aYaY
