feed,title,long_url,short_url
ETFTrends:DailyRecap,Future Proof: Direxion’s David Mazza on Single Stock Products,https://www.etftrends.com/leveraged-inverse-channel/direxions-david-mazza-on-single-stock-products/,https://bit.ly/3BjHc6E
ETFTrends:DailyRecap,"75 Is the New 25 for Central Banks, Invesco’s Chief Global Market Strategist Says",https://www.etftrends.com/innovative-etfs-channel/75-is-the-new-25-for-central-banks-invescos-chief-global-market-strategist-says/,https://bit.ly/3Dw8fhT
ETFTrends:DailyRecap,Steady As They Go: How Energy Infrastructure May Weather Volatile Markets,https://www.etftrends.com/energy-infrastructure-channel/steady-as-they-go-how-energy-infrastructure-may-weather-volatile-markets/,https://bit.ly/3S25Gbc
ETFTrends:DailyRecap,A Dynamic ETF Strategy that Adopts Factor Tilts on Prevailing Market Trends,https://www.etftrends.com/dynamic-etf-strategy-that-adopts-factor-tilts-on-prevailing-market-trends/,https://bit.ly/3QFvUz3
ETFTrends:DailyRecap,Seek Free Cash Flow While Inflation Persists,https://www.etftrends.com/free-cash-flow-channel/seek-free-cash-flow-while-inflation-persists/,https://bit.ly/3BBXSGL
ETFTrends:DailyRecap,Todd Rosenbluth Highlights Risk-Conscious ETFs on Yahoo Finance,https://www.etftrends.com/innovative-etfs-channel/todd-rosenbluth-highlights-risk-conscious-etfs-on-yahoo-finance/,https://bit.ly/3Bg3TIH
ETFTrends:DailyRecap,"Cheniere Approves Long-Term Capital Allocation Plan, Increases 2022 Financial Guidance",https://www.etftrends.com/energy-infrastructure-channel/cheniere-approves-long-term-capital-allocation-plan-increases-2022-financial-guidance/,https://bit.ly/3BhTbSf
ETFTrends:DailyRecap,Now Is the Time to Add Exposure to DTEC,https://www.etftrends.com/etf-building-blocks-channel/now-is-the-time-to-add-exposure-to-dtec/,https://bit.ly/3DlJrJg
ETFTrends:DailyRecap,Chinese Tech Stocks Rise After Regulators Avoid Delisting,https://www.etftrends.com/emerging-markets-channel/chinese-tech-stocks-rise-after-regulators-avoid-delisting/,https://bit.ly/3dcj91x
ETFTrends:DailyRecap,Take a Long-Term (Active) Investment Approach While Markets Bounce & Inflation Climbs,https://www.etftrends.com/active-etf-channel/consider-a-long-term-active-investment-approach-while-markets-wobble-inflation-rises/,https://bit.ly/3S6d4Cw
ETFTrends:DailyRecap,Could Growth Stocks Be Making a Comeback?,https://www.etftrends.com/core-strategies-channel/could-growth-stocks-be-making-a-comeback/,https://bit.ly/3QL3HXQ
ETFTrends:DailyRecap,5 Simple Tips for a Retirement Income Plan,https://www.etftrends.com/retirement-income-channel/5-simple-tips-for-a-retirement-income-plan-2/,https://bit.ly/3QL3N1E
ETFTrends:DailyRecap,"AllianceBernstein Debuts First ETFs, Launching 2 Active Fixed Income Offerings",https://www.etftrends.com/alliancebernstein-debuts-first-etfs-launching-2-active-fixed-income-offerings/,https://bit.ly/3Dxrp6G
ETFTrends:DailyRecap,This ETF Holds Some Beloved Real Estate Stocks,https://www.etftrends.com/future-etfs-channel/this-etf-holds-some-beloved-real-estate-stocks/,https://bit.ly/3DpEaAv
ETFTrends:DailyRecap,Seasonal Weakness Could Create Growth Stock Opportunity,https://www.etftrends.com/etf-education-channel/seasonal-weakness-could-create-growth-stock-opportunity/,https://bit.ly/3QHXdcb
ETFTrends:DailyRecap,Big Banks Set to Make a Killing on Commodities This Year,https://www.etftrends.com/big-banks-set-to-make-a-killing-on-commodities-this-year/,https://bit.ly/3Duz4D7
ETFTrends:DailyRecap,Tesla Mass Market Effort Could Be Cool for CLNR,https://www.etftrends.com/dual-impact-channel/tesla-mass-market-effort-could-be-cool-for-clnr/,https://bit.ly/3DlHJYp
ETFTrends:DailyRecap,Ethereum Merge Could Have Implications for Crypto Equities,https://www.etftrends.com/crypto-channel/ethereum-merge-could-have-implications-for-crypto-equities/,https://bit.ly/3daIBED
ETFTrends:DailyRecap,Muni ETFs Could Be Just What Frustrated Bond Investors Need,https://www.etftrends.com/tactical-allocation-channel/muni-etfs-could-be-just-what-frustrated-bond-investors-need/,https://bit.ly/3DpBVwM
ETFTrends:DailyRecap,"Despite Inflation Woes, This Argentina ETF Is Up 6% YTD",https://www.etftrends.com/thematic-investing-channel/despite-inflation-woes-this-argentina-etf-is-up-6-ytd/,https://bit.ly/3xmMWLA
ETFTrends:DailyRecap,"As Yields Tick Higher, Here Are 2 Compelling ETFs With Leverage",https://www.etftrends.com/leveraged-inverse-channel/as-yields-tick-higher-here-are-2-compelling-etfs-with-leverage/,https://bit.ly/3xqnhlf
ETFTrends:DailyRecap,"Nio Is on the Move With Latest EV Model Launch, KARS Captures",https://www.etftrends.com/china-insights-channel/nio-is-on-the-move-with-latest-ev-model-launch-kars-captures/,https://bit.ly/3BfDKdc
