feed,title,long_url,short_url
SeekingAlpha,Bit Origin mines 27 bitcoins in April,https://seekingalpha.com/news/3970804,
SeekingAlpha,Precision Optics gets $1.5M follow-on product development order,https://seekingalpha.com/news/3970803,
SeekingAlpha,Anaergia Inc. reports Q1 results,https://seekingalpha.com/news/3970802,
SeekingAlpha,"Regenxbio: Buy, High-Potential Stock Stagnant Due To No Near-Term Catalysts",https://seekingalpha.com/article/4603612,
SeekingAlpha,Kinder Morgan: 3 Reasons Why Investors Should Buy This 6.8% Midstream Yield On The Drop,https://seekingalpha.com/article/4603611,
