feed,title,long_url,short_url
FXEmpire,Natural Gas Price Forecast – Natural Gas Continues to Trade in a Lull,https://www.fxempire.com/forecasts/article/natural-gas-price-forecast-natural-gas-continues-to-trade-in-a-lull-1346270,https://da.gd/zIVD9Q
