feed,title,long_url,short_url
Motley,"1 Unstoppable Stock Down 72% to Buy Hand Over Fist, According to Wall Street",https://www.fool.com/investing/2024/11/05/1-stock-down-72-to-buy-hand-over-fist-wall-street/?source=iedfolrf0000001,https://da.gd/qzJPsK
