feed,title,long_url,short_url
💰Barrons,A Government Shutdown Could Deprive the Fed of What It Needs,https://barrons.com/articles/government-shutdown-fed-inflation-data-48058234?mod=RTA,https://da.gd/FByNn
