feed,title,long_url,short_url
SA,"[RDDTF] Radient Technologies GAAP EPS of -C$0.01, revenue of C$1.58M",https://seekingalpha.com/news/3807384,
