feed,title,long_url,short_url
Motley,"If a Stock Market Crash Is Coming, History Says Investors Who Make This Simple Move Will Come Out Ahead",https://www.fool.com/investing/2026/07/19/stock-market-crash-investors-move-come-out-ahead/?source=iedfolrf0000001,
Motley,Bill Ackman Runs a $14 Billion Fund on Just 11 Stocks. These Are His 3 Biggest Bets Right Now.,https://www.fool.com/investing/2026/07/19/bill-ackman-runs-a-14-billion-fund-on-just-11-stoc/?source=iedfolrf0000001,
