feed,title,long_url,short_url
Investing,"Jobless Claims, Manufacturing PMI, FedEx Earnings: 3 Things to Watch",https://investing.com/news/-2839915,
