feed,title,long_url,short_url
gNews,Worried About a Tech Stock Bubble? You’re Not Alone. - Barron's,https://news.google.com/rss/articles/CBMiUGh0dHBzOi8vd3d3LmJhcnJvbnMuY29tL2FydGljbGVzL3RlY2gtc3RvY2stbWFya2V0LWJ1YmJsZS1uYXNkYXEtbnZpZGlhLTI3NTBkNzMw0gEA?oc=5,https://da.gd/RmJxFD
