feed,title,long_url,short_url
SeekingAlpha,Tesla falls 7% on reports that the robotaxi event is delayed until October,https://seekingalpha.com/news/4123722,
SeekingAlpha,FTC delays Chevron-Hess decision until after Exxon arbitration case - Bloomberg,https://seekingalpha.com/news/4123721,
SeekingAlpha,Mitsubishi Corporation: A Play On Portfolio Restructuring And Energy Transition,https://seekingalpha.com/article/4703553,
