feed,title,long_url,short_url
gNews,"Nvidia's massive market cap is a 'bubble risk,' Deutsche Bank says: 'We appear to be in uncharted territory' - Fortune",https://news.google.com/rss/articles/CBMimwFBVV95cUxOQ29pREs4YTNJNWloNGs1cGtUN1hmb29xbEhQbnVEWFlOdU9QT3ptTVZtNmM0dVRwQkZacjRaYXhlTTFSdXRRcnVnUzZWWXdVNUJ2NF9QWkJCUUFqeDdaV0dmbGwwWkg2YzZhRmh1bGV1LTYxbjV5N2lobUt5R2N5WTExNFU0eExMRks2TjRkeUtjNHRCdXJfdWg1UQ?oc=5,
gNews,China Stock Vaults 250% As S&P 500 Scores Record Gains In 2025; Back In Buy Zone - Investor's Business Daily,https://news.google.com/rss/articles/CBMikAFBVV95cUxNcW9fczRQUGh3WkhXaElocXN0bjFRaTBNNkp2OGRmdHZ4NWlmeEhCM0NNN3lIUTJ5VmtrU0tnYThjOGJPRDFCSlZZTkZVNWdDODNicm9VRnEwTjAycWhXQ1R0OVlOR2tDRVVCMWl2TWpMYkJHU0NaQWwxSlZEZXF2c09QZFJnM2IxUHNTWVgwWVQ?oc=5,
