feed,title,long_url,short_url
Motley,Best Stock to Buy Right Now: Constellation Brands vs. Anheuser-Busch InBev,https://www.fool.com/investing/2025/06/17/best-stock-to-buy-right-now-constellation-brands-v/?source=iedfolrf0000001,https://da.gd/jQyk
