feed,title,long_url,short_url
SeekingAlpha,Electric stuff: Tesla's energy business is seen benefiting from the AI boom,https://seekingalpha.com/news/4118755,
